1-butanol-273K_001 2
0.017079
2
0.3
        84
        86        92        73        84        68        84        77        82
        93        90        74        76        71        80        83        72
        78        79        90        85        69       100        92       101
        87        90        86        81        80        80        75        78
        67        75        73        95        84        83        79        81
        73        86        84        86        76        79        85        89
        82        96        79        86        93        71        82        88
        97        84        84        76        89        99        73        76
        72       101        77        69        79        87        76        79
        86        79        72        86        85        73        69        90
        79        82        80        66        66        82        84        81
        73        92        77        85        81        79        70        79
        65        98        76        85        82        88        89        90
        72        81        83        88        89       102       106        97
        78        80        70        77        90        86        78        81
        88        77        86        84        68        89        94        94
        95        93        89        70        93        69        88        93
       111        80        84        69        97        84        78        85
        96        88        87       100        90        85        93        89
        95       114        92        93       115        84        93        86
        77       103       109       117       113       123       105       149
       155       179       243       265       341       373       518       602
       805       968      1340      1684      2163      2686      3194      4022
      5049      6270      7721      9428     11344     13887     16559     19784
     23215     27157     31605     36190     41229     46906     51815     57618
     63510     69503     74876     80386     85634     91075     95266     99338
    103103    105972    108044    109954    110366    110887    110846    110381
    109067    107887    105591    103047    100284     98478     94587     91874
     88558     85276     81832     79274     75662     73471     69488     67015
     64211     61309     58857     56290     53743     51751     49707     47427
     45706     43415     41551     40394     38533     36823     35596     34319
     32570     31642     30239     29471     28061     27153     25994     25474
     24414     23563     22767     22007     21370     20733     19856     19317
     18949     18028     17513     17028     16424     15992     15508     15122
     14577     14279     13956     13509     12901     12598     12487     12134
     11729     11298     11152     10633     10747     10375     10051      9711
      9417      9258      9109      8735      8594      8386      8283      8097
      7873      7828      7565      7419      6991      7032      6901      6700
      6674      6355      6250      6171      6025      5958      5904      5677
      5657      5455      5407      5298      5202      5161      5084      4823
      4749      4672      4594      4600      4555      4451      4382      4240
      4277      4200      4031      4086      3948      3894      3761      3870
      3707      3805      3697      3628      3482      3506      3454      3286
      3273      3367      3295      3208      3093      3182      2942      3033
      2968      2989      2941      2965      2833      2857      2835      2761
      2682      2688      2699      2664      2729      2581      2669      2527
      2536      2486      2471      2546      2532      2472      2354      2459
      2387      2322      2278      2361      2294      2260      2248      2253
      2243      2241      2222      2170      2194      2119      2057      2105
      2105      2105      2105      1956      1979      2022      2012      2075
      1994      1937      1834      1883      1959      2027      1944      1930
      1875      1854      1812      1875      1836      1780      1912      1803
      1718      1813      1810      1736      1744      1717      1706      1669
      1687      1585      1687      1675      1596      1628      1671      1643
      1586      1569      1557      1556      1595      1604      1532      1574
      1545      1488      1498      1450      1549      1494      1483      1440
      1463      1418      1457      1403      1419      1460      1429      1462
      1441      1416      1362      1455      1384      1391      1387      1314
      1285      1377      1308      1338      1365      1391      1357      1310
      1308      1271      1325      1347      1346      1285      1272      1222
      1387      1219      1278      1337      1209      1283      1301      1254
      1284      1253      1242      1163      1197      1225      1166      1233
      1175      1213      1177      1143      1169      1184      1178      1134
      1134      1115      1150      1098      1202      1141      1086      1146
      1100      1028      1156      1026      1070      1041      1113      1074
      1088      1055      1066      1071      1091      1014       991      1028
      1065      1071      1097      1050      1016      1068      1014       981
      1027       960       947      1028       979       928       973       973
       935       958       936       937       955       909       936       932
       993       928       977       915       944       917       943       917
       862       885       871       886       863       894       897       877
       852       884       883       842       838       843       845       942
       845       864       818       856       839       838       827       859
       849       815       797       815       832       759       812       841
       810       794       777       797       841       727       796       811
       784       757       771       739       794       749       806       768
       796       752       733       759       755       750       734       732
       725       721       762       708       689       768       758       710
       743       710       712       713       737       700       706       703
       695       704       712       695       713       688       683       677
       629       691       702       623       637       703       662       661
       677       651       655       638       639       656       634       661
       612       666       597       622       628       619       597       622
       629       603       662       621       593       585       606       593
       593       577       614       636       577       583       616       573
       597       547       554       591       588       580       556       552
       567       558       522       558       592       523       545       554
       557       556       518       545       549       557       530       516
       545       497       541       566       538       537       548       527
       503       510       483       482       503       498       511       537
       500       531       476       474       480       499       476       469
       460       482       500       490       469       498       480       468
       484       443       483       478       458       534       431       494
       463       455       445       452       489       475       428       474
       416       491       467       429       481       407       463       424
       442       445       440       464       392       406       430       444
       430       408       416       424       410       414       396       450
       418       398       374       406       414       410       423       397
       403       409       421       396       401       420       407       390
       390       407       390       399       406       386       375       402
       385       379       383       355       361       407       402       368
       333       366       430       390       356       392       378       391
       366       390       367       344       375       389       357       378
       373       354       387       339       355       354       339       348
       354       368       360       333       319       349       350       322
       292       336       370       345       330       324       315       339
       315       328       336       294       351       319       333       296
       331       303       308       297       331       306       339       351
       287       347       312       310       301       281       298       299
       288       316       322       288       296       290       309       336
       262       299       324       294       293       327       263       284
       308       314       309       317       297       278       302       317
       295       295       276       284       315       239       298       277
       282       305       278       304       284       289       277       262
       291       299       279       272       288       309       255       272
       272       276       263       270       295       282       252       274
       280       260       282       251       262       264       272       260
       253       260       247       272       262       275       252       255
       224       261       264       287       247       260       234       239
       248       243       266       230       266       242       249       239
       220       230       239       219       257       231       209       233
       229       227       256       229       247       222       234       239
       224       208       223       249       212       247       220       219
       190       231       219       206       206       219       184       179
       218       201       215       234       220       224       226       219
       225       234       207       188       197       212       215       201
       229       219       228       188       197       197       235       184
       193       213       194       181       200       194       215       212
       237       228       204       184       226       230       210       211
       192       213       173       210       198       226       194       224
       188       212       180       212       224       179       179       181
       183       178       209       222       183       210       195       187
       206       181       207       192       192       167       207       198
       200       191       190       191       198       173       193       176
       166       148       194       166       186       192       185       175
       210       189       178       167       189       179       167       154
       164       163       159       154       151       176       175       156
       168       163       187       178       194       149       157       171
       164       175       179       163       179       173       181       189
       187       170       183       168       171       180       173       181
       147       183       161       175       143       179       169       157
       158       165       189       162       157       145       176       172
       175       160       164       166       173       149       153       165
       153       170       177       155       165       141       143       155
       148       146       151       143       150       147       142       136
       153       141       158       140       150       161       172       156
       135       152       131       166       151       159       149       151
       167       153       173       145       141       149       155       140
       135       139       150       155       148       156       141       140
       136       126       148       137       136       129       138       153
       161       130       139       135       156       129       130       159
       139       135       158       169       147       148       159       131
       149       150       133       140       141       134       143       148
       142       132       152       158       135       146       129       157
       139       147       126       140       131       140       141       115
       145       149       140       159       123       146       138       118
       120       132       129       136       137       136       128       119
       127       128       125       124       146       130       139       131
       120       106       119       159       127       111       144       139
       127       128       135       128       115       142       152       115
       128       123       149       144       138       113       127       130
       143       150       125       131       113       120       131       150
       123       110       141       138       147       119       141       107
       124       148       137       128       126       130       116       119
       144       136       145       119       110       123       122       131
       111       134       128       118       124       129       121       118
       119       109        98       129       119       130       124       119
       129       131       120       132       126       118       128       119
       106       106       115       110       130       128       114       120
       124       116       113       113       113       123       122       108
       110       112       108       124       113        95       127       118
       110       117        95       111       114        99        99       122
       104       116        91       106       104        84       124       102
       105       113       103       141       118       111       103       124
       113       115       105       105       125        96       118       105
       101       123       103       122       109        90       112       114
       119        99        97       105       112       125       127       119
       111       113       103       115       120        96       126       100
       119       110        97        94       116       121       129       101
       120       115       111        95       117       106       121        97
       103       117       109        97       106        94       115       116
        85       117       122       111       121       107       105       106
       100       104       113        93       109       100        89        87
       106       106        88       110       105       110       118        91
        80       100        85        99       100       113        99       110
        98        99       103        90       106        92        84        85
       126        87        87       113        94       104        92       106
       102        88        98        89       110       105       101       100
        88        89       114       104        94       107       102       117
       109        95       108       112       102        92        95       116
        84        95       121       119       134       113       108       110
        83       105       111       111       112       103       102       100
       113       120       108       110        95       102        81        96
       106        85        95        95        87       114       103       112
       112        99        99        97        90       101       103       106
        86        95        76       100        88       121        99       101
        99       107        97        88       105       101        82        87
        95        98        98       105        91        96        94        86
        88       111        90        81        88        96        86        88
        95        97        93        90       104        96        98        86
        82        81       123       105        89        95        78       119
       105        96        92        94        97        85       102        93
       111        78        83       108        88       100        90       102
        92       114        80        91        86       100        92       105
       112        96       112        86        91        95        99        89
       121        80       103        85        95        89        92        80
        92        85       102        84       107        83        95       102
        75        84       110        86        82        80        92        81
        78       101        83       110        95        89       107       104
        90        97        95        82        93        91        79        85
        80        67       103        92        87        92        78        79
        97        89        99        92       100        88        93        92
       108        92        85        80        84       102       110        85
        99       105       105       124        77        94       103        92
        94        95        93       103       112        90        88        89
        96        82        88        98        91        80        90        72
        96        91       102        91        97        73        78        87
       102       101        95       112        94        88        80        86
        89        98        96        91        99        87        79        89
        99        94        81        97        89        96        94       107
       103        86       103        95        84        99       100        71
       103        84        91        86        85        94        71        98
       102       100       108        93        95        92        93       105
        95        98        97        98        86       104       102        83
        99        90        90       103        98       106        96        90
        91       102       101        98        87       101        90       104
        98        79        75        77        95        93        80        87
        97        88        84        86        97        81        99        93
        98        98       103        91        87        82        92        89
       102       102        91        86       101        89        93        88
        96        84        89        86        83        98       103        95
        80       106        95        91        86        82        92        89
       107        86        90       106        90        89        93        94
        95        84        94       103        89        89        84       102
        94        89        79        94        95        90        79        74
        90        92        99        98        93       101        81        85
        85       115        80        83       100        76        99       101
        87        91       101        94        89        92        88        81
        92        82        99        85        89        91        99        84
        91        91        93        96        85        93        90        87
        98        94        91        92        98        81       100        96
        84        89        97        91        83        84       107        86
        85        89        87        88        86        87        88        85
        83        90        90       104        84        94        89        92
        86        86       104        85        86        96        94        92
        94        88        79        97        94        97        89        86
        90        83        75        89        99        88        83        84
        93        81        86        89        88        93        92        78
        81        94        94        94        88        90        76        94
        85        87        78        93        94       104        90        84
        88        84        90        96        86        94        89        98
        86        85        92       101        86        95        93        80
        84        78        82        89        83        83       101        95
        97        96        81        95        94        87        90        86
        99       105        79        84        83        82        87        71
        94        86        97        86        81        90        94        93
        97        92        94        73        81        89        85        99
        92        97        91        95        90        82        97        85
        83        74        80        81        81        79        88        93
        81        89        93        94       101        84        96        83
        78        96        96        94        82        97        87        94
        92        93        90        89        92       100        76        93
        96        88        94        92        93        94        96        85
        85        83        96        92        74        76        77        86
        82        95        84        80        82        78        87        95
        82        89        85        91        86        86        97        79
        84        97        91        97        83        83        95       100
        85        75        83        82        92        82        88        93
        87        81        83        98        93        82        91        90
        92        86        97       101       104        87        89        86
        80        81        82        96        85        74        95        87
        86        86        82        83        87        97        87        83
        98        76        88        89        78       101        83        92
        93        95        90        86        85       110        94        89
        94        91        82        83        80        83        81        88
        94        97       102        75        92        97        80        84
        86        91        83        98        80        98        88        78
        89        95        82        92        88        82        91        91
        84        86        86        89        96        80        90        94
        84        97        89        80        86        86        86        95
        91        86        89        85        94        90        97        97
        81        91        82        87        89        82        80        92
        91        87        91        82        82        96        72        80
        81        82        89        84        82        93        91        94
        91        90        87        86        96        87        84        76
        77        73        90        86        82        97        80        85
        82        85        91        79        78        77        82        86
        85        96        88        83        90        88        88        77
        88        88        89        81        89        90        96        79
        86        91        96        92        82        79        84        85
        90        90        86       100        89        87        91        87
        71        90        90        81        84        85        90        85
        80        92        82        93        79        92        89        82
        96        84        82        93        83        85        75        91
        87        94        86        90        87        90        82        84
        85        79        89        85        87        89        91        92
        88        86        97        84        84        88        85        80
        85        77        71        81        86        88        85       104
        94        89        89        94        79        83        89        81
       100        87        78        81        79        89        91        80
        79        93        87        78        81        97        78        96
        71        81        78        86        81        86        72        93
        74        74        84        79        89        85        82        82
        86        90        93        85        86        90       101        81
        81        80        73        86        84        96       103       100
        94        90        71        82        83        96        81        85
        70        92        82        74        84        85        80        75
        82        85        85        88        73        79       103        85
        77        83        88        84        82        87       105        81
        96        89        93        88        84        88        87        81
        80       100        98       105        95        77        80        78
        82        83        83        90        97        71        81        83
        79        84        71        87        90        76        85        77
        94        88        74        85        91        85        98        90
        83        79        80        83        87        76        79        80
        79        82        76        88        81        93        86        80
        91        87        75        97        87        92        87        92
        79        86        81        93        94        82        87        94
        81        80        96        79        76        90        87        90
        79        83        86        91        82        87        80        84
        88        79        93        84        89        99        81        79
        81        83        85        96        72        97        80        93
        90        85        80        79        76        86        93        88
       100        90        73        93       102        89        89        97
        87        87        90        96        92        93        80        91
        88        82        89        90        86        97        86        95
        97        93        85        78        96        84        88        76
        84        82        94        81        84        84        99        88
        88        79        88        87        87        90        85        78
        85        95        77        74        82        87        84        89
        96        92        85        94        88        84        92        84
        82        81        82        93        73        83        84        96
        86        86        91        85        76        91        80        76
        87        93        92        83        87        91        81        87
        88        88        92        93        94        89        95        75
        89        87        81        91        84        97        96        80
        91        90        78        83        96        84        93        88
        88        95        87        98        95        83        92        87
        92        94        89        76        93        97        84        95
        91        81        73        87        85        80        94        85
        80        82        79        88        80        81        78        84
        80        92        96        82        67        90        94        83
        79        88        97        81        82        89        82        86
        75        90        81        90        90        79        87        73
        89        79        85        78        86        78        80        94
        87        96        85        88        91        90        88        90
        88        87        88        80        79        88        97        86
        93        89        96        82        88        88        77        80
        95        86       101        84        93        87        88        82
        80        88        87        80        89        82        96       101
        84        82        83        84        80        93        77        95
        88        83        81       105        92       101        74        79
        94        80        96        92        91        73        90        84
        85        90        79        96        83        91        84        81
        83        85        96        80        91        80        76        92
        81        84        83        88        86        71        90        83
        89        97        92        77        92        72        91        87
        90        82        78        83        80        86        81        83
        86        83        86        87        81        97        85        90
        80        89        77        96        90        85        90        85
        83        91        97        77        90        79        84        79
        90        83        81        79        87        83        87       102
        92        79        87        90        73        83        79        84
        85        80        93        84        76        90        90        84
        87        91        88       100        92        88        97        83
        83        86        87        76        84        87        78        89
        81        86        82        82        88        82        84        81
        86        83        83        88        86        75        88        87
        83        80        88        85        81        83        69        89
        99        83        81        74        93        86        84        90
        86        84        71        79        85        76        76        80
        89        93        86        88        95        82        93        86
        81        89        83        83        79        81        95        98
        77        93        89        88        83        89        74        87
        80        80        85        93        82        86        79        95
        79        94        89        95        92        87        89        86
        94        91        89        89        82        80        87        73
        86        78        84        79        86        78        80        72
        83        88        88        81        75        86        85        91
        78        87        82        89        96        80        67        79
        83        88        84        88        86        78        78        80
        87        92        76        88        84        76       101        86
        84        86        81        81        82       104        84        87
        89        84        74        91        87        92        84        86
        79        91        68        87        87        80        75        97
        85        86        81        84        85        98        80        88
        91        84        75        86        70        84        76        86
        82        88        90        87        81        80        72        75
        87        83        92        89        81        88        95        82
        82        90        80        79        84        85        95        95
        81        87        85        89        88        89        79        81
        78        88        92        91        83        79        81        78
        76        86        82        88        87        80        86        89
        91        80        75        82        79        80        96        83
        86        87        92        87        77        81        83        88
        95        85        95        96        89        98        87        86
        86        79        87        78       105        82        84        81
        84        83        85        82        79        77        80        76
        91        83        82        80        86        77        98        91
        79        82        94        97        71        75        85        82
        72        77        77        73        91        93        76        89
        88        81        90        70        90        91        78        79
        86        93        79        89        81        73        93        78
        88       106        85        78        86        90        92        82
        88        81        85        86        98        83        95        82
        85        92        87        97        86        72        87        80
        87        86        81        89        85        82        89        77
        92        94        91        85        79        84        86        82
        93        87        77        84        82        88        84        79
        94        89        94        81        84        79        82        79
        80        98        92        93        96        96        76        88
        93        82        82        98        84        91        75        80
        69        85        94        82       100        92        77        77
        82        84        81        82        90        78        77        86
        88        77        96        90        86        73        67        81
        91        85        85        86        90        73        96        90
        75        74        95        85        81        86        75        84
        73        76        77        87        84        91        86        98
        96        80        94        82        74        90        88        86
        82        72        88        91        95        84        75        82
        89        92        74        92        86        87        80        75
        89        92        90        87        74        77        80        79
        82        86        77        77        72        89        79        76
        84        90        83        84        85        89        98        93
        90        96        87        86        75        86        81        89
        87        86        80        98        83        85        88        73
        79        82        98        88        90        88        90        77
        79        85        75        74        89        90        87        81
        82        89        83        88        88        80        80        75
        95        84        88        78        85        92        85        77
        77        79        85        82        84        92        91        84
        80        92        92        76        77        77        80        82
        89        82        75        82        90        78        83       100
        86        75        74        82        92        80        92        95
        74        77       100        89        88        87        84        80
        86        88        86        84        83        85        81        86
        82        91        80        83        87        78        87        87
        78        84        81        77        87        82        86        72
        80        89        94       100        84        80        84        92
        87        78        77        74        88        83        79        78
        81        81        90        87        88        81        86        87
        86        89        70        88        78        76        89        86
        87        83        85        91        86        85        75        79
        94        74        82        95        84        90        94        71
        95        95        77        88        85        84        83        86
        91        77        89        85        84        88        75        88
        80        80        83        87        81        81        93        85
        82        87        87        73        91        81        87        71
       105        80        81        93        71        91        68        74
        87        86        91        77        77        88        91        86
        83        68        86        81        85        87        79        78
        86        85        76        76        80        89        97        70
        89        84        85        92        87        77        85        87
        85        82        81        81        78        83        95        89
       107        83        77        86        80        90        92        90
        87        88        76        89        80        79        89        76
        83        83        97        85        95        78        77        86
        92        89        82        82        83        89        90        83
        77        74        85        79        93        88        91        79
        83        87        78        70        68        89        79        79
        86        76        91        71        86        88        87        86
        91        75        93        76        91        80        87        92
        71        81        86        73        78        84        81        86
        83        81        79       100        84        79        76        85
        86        83        79        84        82        89        77        90
        80        86        86        85        86        81        87        83
        83        84        85        86        86        77        89        75
        84        83        89        71        82        86        84        68
        79        94        69        83        80        79        85        87
        80        82        93        85        82        77        85        80
        84        95        79        72        79        87        70        85
        85        77        92        74        90        85        89        89
        79        89        84        84        89        82        83        80
        93       104        80        89        84        83        90        88
        92        90        89        82        91        90        80        88
        78        84        89        84        79        81        88        85
        93        86        94        82        90        86        91        88
        82        88        95        81        80        87        84        74
        83        89        84        85        88        77        89        75
        91        79        97        85        85        92        79        82
        87        82        74        87        88        86        76        93
        87        82        85        82        86        89        76        85
        91        76        89        85        98        82        89        79
        93        80        82        86        84        88        81        85
        85        86        84        78        81        70        74        78
       106        93        77        76        81        79        84        91
        71        72        84        86        93        94        84        90
        85        89        86        82        88        79        82        84
        85        89        84        83        92        89        82        85
        85        82        91        88        82        82        87        85
        95        77        96        85        81        93        82        81
        91        81        96        97        81        91        80        80
        89        80        78        81        84        88        84        76
        95        82        93        88        77        76        81        79
        87        77        88        74        82        90        83        85
        77        87        74        85        87        85        85        87
        76        92        83        80        77        88        79        76
        88        85        89        80        93        93        78        81
        84        89        87        79        91        78        90        87
        80        82        92        88        76        73        83        93
        83        89        84        82        86        74        87        77
        88        83        80        77        86        86        77        83
        87        81        84        87        90        77        83        79
        92        97        93        75        93        94        83        79
        93        75        75        78        79        82        86        79
        79        80        80        93        86        90        83        96
        86        85        82        91        73        73        88        81
        94        88        74        81        84        83        78        80
        83        76        72        80        80        84        77        75
        78        82        89        84        87        84        82        93
        80        78        98        91        85        88        78        83
        87        86        86        85        83        77        95        82
        77        87        81        89        95        81        83        78
        78        80        84        84        81        71        73        72
        84        79        80        90        89        87        78        86
        79        79        93        85        95        82        77        85
        84        84        81        93        73        74        81        86
        84        89        88        83        75        83        90        70
        96        76        88        87        84        77        77        83
        82        80        87        94        84        89        91        82
        96        90        89        82        82        85        82        87
        80        86        85        87        84        86        86        71
        76        78        89        81        84        70        86        83
        80        74        84        86        92        90        75        99
        84        79        78        87        79        78        76        71
        81        82       104        94        91        91        81        93
        82        76        88        83        88        85        87        86
        99        96        89        94        79        82        80        79
        94        81        87        79        84        72        84        70
        80        80        78        83        84        88        84        70
        85        96        81        83        77        69        91        85
        88        85        92        77        76        77        76        84
        83        90        94        72        91        96        90        80
        78        86        85        87        77        85        92        87
        75        89        81        81        77        93        83        79
        85        83        84        77        93        90        88        78
        95        83        75        79        84        79        87        89
        85        85        85        90        80        82        82        82
        80        74        90        86        90        87        82        90
        83        72        92        81        81        99        98        79
        84        77        81        95        90        84        95        83
        90        85        74        84        81        81        69        88
        86        86        79        84        90        79        87        89
        79        83        82        83        92        80        85        76
        86        71        85        81        85        77        90        69
        84        81        78        73        79        75        89        82
        76        85        79        90        86        84        89        81
        92        68        79        76        82        91        79        81
        96        87        87        81        88        80        86        84
        80        83        81        78        86        86        87        82
        81        77        85        83        97        78        99        78
        89        81        90        74        84        86        80        81
        76        88        85        95        77        72        88        82
        95        85        94        88        81        89        88        79
        80        75        81        82        87        98        74        89
        86        77        87        77        78        91        88        92
        74        89        81        83        88        80        81        85
        86        75        74        83        86        95        90        88
        82        95        69        82        82        85        84        90
        88        85        78        95        89        91        96       101
        76        96        80        83        87        87        87        87
        80        79        71        81        96        76        86        90
       100        91        77        84        74        82        87        87
        78        68        84        72        91       101        83        94
        82        79        82        79        86        83        75        73
        81        97        95        83        77        85        92        75
        95        90        88        78        83        78        94        81
        86        88        86        94        85        87        87        83
        91        87        90        89        75        86        85        81
        86        83        77        87        91        81        87        87
        82        97        88        75        83        92        83        79
        86        95        73        84        88        90        79        92
        82        85        76        89        80        85        83        84
        83        87        93        91        84        89        91        85
        81        78        84        93        96        88        76        87
        72        83        78        77        88        90        73        80
        77        92        80        78        81        77        85        81
        85        86        83        96        87        74        80        75
        84        82        79        82        82        84        79        79
        84        86        72        79        77        91        82        85
        91        84        99        83        78        74        77        76
        80        82        82        94        82        86        81        77
        92        80        78        83        78        87        91        81
        72        76        74        89        86        85        83        79
        88        91        72        82        78        73        88        90
        77        90        85        80        85        77        79        97
        93        82        90        80        85        77        79        94
        92        79        77        80        83        73        83        83
        77        81        75        77        85        90        92        79
        78        88        87        86        90        83        79        89
        82        91        84        83        92        73        96        70
        84        88        77        74        91        87        78        82
        89        78        74        87        86        84        78        88
        94        80        82        83        86        92        78        95
        83        82        72        86        77        91        88        83
        77        84        74        80        73        91        86        90
        90        79        76        87        80        89       100        89
        85        84        86        80       105        85        84        88
        88        84        85        89        89        85        91        83
        79        87        79        82        79        71        81        69
        83        74        85        89        82        76        92        77
        80        78        93        93        83        98        82        77
        75        88        86        81        99        81        84        85
        78        88        78        84        88        98        88        75
        77        88        89        93        80        83        79        81
        75        91        97        87        89        79        80        84
        91        80        82        74        89        79        90        81
        84        94        93        86        86        76        90        85
        86        93        76        80        82        93        90        91
        69        72        87        85        85        91        95        92
        76        76        90        84        80        73        83        84
        73        76        83        88        89        73        84        88
        96        75        83        87        75        84        75        93
        78        84        87        83        82        77        91        96
        75        78        83        78        88        80        87        90
        84        76        91        84        74        81        79        81
        92        80        92        81        79        79        81        84
        72        70        81        78        82        89        86        90
        85        87        85        86        85        88        75        74
        76        86        84        80        72        79        70        91
        78        83        85        79        94        76        86        76
        85        82        73        67        98        98        79        91
        80        77        96        93        92        75        85        76
        84        84        82        82        75        76        71        77
        72        82        81        80        79        83        87        87
        78        83        80        89        78        73        79        74
        88        84        91        81        78        73        91        92
        73        89        81        98        84        76        78        87
        92        83        83        81        81        82        87        91
        77        76        79        85        81        86        89        87
        79        81        98        79        89        70        84        75
        75        82        75        78        92        81        79        91
        85        74        88        74        91        88        79        95
        86        73        91        81        83        88        97        80
        92        82        69        85        85        85        74        82
        82        88        79        79        76        78        91        86
        87        86        88        82        84        79        88        78
        77        85        85        84        75        78        89        72
        74        77        84        94        84        77        85        78
        87        79        85        75        82        76        92        74
        81        89        74        83        79        77        78        78
        86        94        79        83        93        84        84        92
        73        84        89        82        83        90        74        86
        89        76        91        96        81        82        98        90
        95        77        85        79        87        78        93       104
        79        79        84        82        76        85        82        81
        76        81        91        90        70        89        84        75
        83        97        93        79        84        93        79        93
        73        90        86        78        83        85        83        95
        87        80        90        90        77        94        80        82
        97        76        84        92        79        71        90        84
        81        79        88        88        92        77        90        85
        86        84        93        84        85        71        89        81
        84        74        85        84        81        94        73        88
       100        83        83        96        96        80        91        87
        71        85        90        72        91        85        78        74
        78        94        83        92        81        76        83        87
        79        81        82        76        94        75        88        85
        92        80        80        93        84        91        89        85
        85        90        82        86        94        74        81        87
        83        81        83        82        73        84        90        94
        79        83        90        80        80        82        73        75
        85        79        81        82        86        79        82        89
        79        82        88        80        82        94        80        78
        92        86        84        86        82        86        76        99
        84        78        86        92        83        84        98        94
        83        81        89        77        85        72        84        78
        78        76        76        76        82        78        88        83
        78        92        71        74        87        92        78        87
        78        69        72        78        71        84        93        88
        88        88        73        71        86        80        84        79
        83        85        90        86        77        86        86        84
        79        81        93        70        84        74        80        77
        79        74        94        86        78        92        83        91
        82        84        71        80        87        91        80        75
        90        89        80        83        93        75        87        98
        88        70        91        81        89        96        86        87
        83        83        82        83        76        79        79        77
        80        85        86        87        94        87        84        91
        79        81        75        85        91        80        96        85
        82        78        83        85        79        85        80        82
        85        86        85        86        87        85        86        85
        84        79        85        91        84        85        74        77
        79        74        84        80        70        81        87        81
        89        83        69        81        85        91        76        85
        82        83        85        71        95        86        91        86
        95        85        88        88        76        86        91        74
        81        77        96        77        81        92        82        76
        77        82        75        82        84        75        88        85
        86        70        76        87        92        95        78        87
        79        79        77        89        72        85        80        85
        84        82        89        77        80        84        78        85
        87        82        85        93        86        89        91        84
        80        90        91        78        93        90        94        84
        87        92        95        84        79        78        86        78
        79        83        77        86        90        88        84        80
        86        80        82        71        79        86        92        80
        88        94        82        79       105        91        75        81
        94        85        91        84        88        70        85        73
        68        91        97        80        87        79        79        91
        83        85        84        74        91        83        86        87
        81        91        78        96        87        71        95        86
        86        86        90        90        85        77        79        92
        86        85        84        85        76        78        89        79
        86        79        86        79        87        79        81        77
        79        81        78        76        75        81        91        84
        77        90        90        81        81        76        89        80
        87        86        91        84        82        90        83        77
        77        81        79        74        91        85        79        80
        84        96        84        84        78        91        84        92
        77        84        85        87        86        81        81        84
        86        92        77        91        84        96        84        80
        88        89        83        85        92       102        74        92
        83        91        71        89        71        80        81        73
        77        82        90        85        82        78        82        82
        89        78        80        81        84        92        84        71
        95        88       101        80        87       101        86        90
        83        86        89        77        88        85        78        93
        92        86        80        89        93        69        88        77
        93        91        89        81       100        86        94        77
        85        92        82        70        81        77        86        84
        79        77        89        86        87        83        87        86
        74        80        85        91        86        85        84        90
        84        97        81        83        83        92        89        86
        84        82        78        79        86        93        79        84
        82        70        88        90        75        80        89        86
        92        91        82        81        79        74        97        88
        84        81        89        79        70        80        87        92
        79        87        94        76        83        81        77        85
        78        86        87        81        82        81        80        86
        83        85        87        83        84        92        84        90
        79        92        88        87        89        83        78        79
        73        78        81        78        81        83        82        71
        87        85        78        80        73        84        77        82
        85        77        85        79        77        84        83        94
        76        83        94        80        81        82        82        86
        83        74        97        78        85        82        88        84
        81        78        89        77        90        95        84        64
        81        76        88        80        74        87        87        79
        91        84        90        77        87        95        81        83
        76        83        86        82        78        79        85        90
        86        81        84        85        83        81        86        77
        81        80        82        86        78        85        73        74
        89        84        75        70        74        88        93        79
        85        99        79        90        85        74        92        88
        89        93        88        79        85        69        76        83
        95        81        74        69        87        80        86        87
        83        78        78        78        84        79        79        79
        77        89        80        76        74        81        84        95
        72        79        81        80        88        79        86        79
        91        78        67        78        89        75        94        82
        81        82        80        86        76        87        77        83
        76        80        71        96        84        87        78        81
        81        90        88        69        92        77        79        78
        85        77        91        90        88        81        88        85
        88        87        73        85        87        88        80        82
        86        78        84        89        83        80        85        91
        90        82        86        88        92        72        80        77
        79        90        83        83        97        82        74        91
        81        87        78        79        83        82        81        81
        85        91        87        79        85        83        87        84
        80        87        93        88        88        80        83        78
        80        92        88        84        86        82        86        70
        78        93        81        90        99        78        86        83
        81        79        68        81        83        77        87        88
        98        85        81        79        87        88        95        77
        87        86        89        77        79        72        96        80
        89        84        83        91        83        91        79        88
        79        92        98        74        89        85        84        90
        75        79        79        79        87        90        85        80
        81        89        84        86        83        79        73        84
        84        78        76        90        82        85        85        78
        82        81        91        87        92        85        82        96
        76        83        87        75        87        82        89        75
        77        89        93        88        87        78        77        81
        80        90        77        83        92        88        77        86
        83        79        72        89        80        86        90        86
        85        96        97        79        95        85        78        81
        84        86        77        79        91        84        84        86
        86        79        79        95        89        95        77        86
        92        78        88        80        78        79        72        95
        87        88        86        84        83        88        93        81
        90        78        75        87        84        81        74        70
        87        81        80        86        89        78        84        84
        86        84        89        90        77        87        86        85
        82        71        73        87        88        83        75        90
        82       100        91        85        92        87        84        81
        87        92        88        87        79        81        88       100
        84        77        80        84        90        82        76        88
        71        81        78        90        94        84        82        83
        88        81        84        86        78        97        78        98
        88        91        83        82        77        91        86        79
        75        81        85        85        86        74        84        90
        88        80        69        93        86        76        85        74
        89        85        88        83        80        76        75        90
        78        82        91        80        85        83        77        89
        94        79        79        78        80        80        88        83
        86        73        88        86        64        73        79        96
        78        77        75        93        82        81        72        82
        93        87        79        81        79        94        75        82
        84        89        84        81        76        93        95        82
        93        75        81        77        85        77        80        98
        86        90        82        86        88        82        70        83
        86        84        84        79        78        86        90        83
        88        75        86        83        83        80        90        81
        82        81        89        86        85        89        85        88
        95        79        90        84        85        94        78        89
        76        86        89        78        77        74        78        79
        74        82        87        92        88        84        83        73
        89        83        91        80        87        87        88        78
        77        76        73        85        87        95        92        83
        81        75        84        94        74        77        89        82
        83        84