1OOH-243K_001 2
0.013362
2
0.3
       114
       115        99        96        92       101       104       104       100
        83        98        95       110        88        95        88        98
        99        99       102        90        93       106       106       114
       108       105        79       111        95       109        94        96
        94        99       106        79        78       106       108        93
        89       112       101        83       101        95       105        97
        78        93       106        90        86        88        78        97
        89        81        71        88        88        96        90        99
       100        83        73       103        93        81        88        87
        95        91        76        92        91        97        87        76
       106       117        89        93        96       106       103       106
       105        87        94        96        98       105       102        99
       125        92        84        96       101        96        98        97
        95       106       105        94        91       105        81        92
        95        96       112        96       124       106       100        84
       108        96       114       103       107       104       111       112
       103       105       101        95       100        99       112        89
       112        98       102       104       101       113        96       104
        82       130        94        95       115       101       108       111
       129       104       110        86       104       115       111       109
       131       111       130       107       142       150       160       207
       223       254       349       382       431       565       659       830
      1004      1277      1569      1951      2371      2987      3685      4451
      5403      6636      7957      9488     11497     13342     15672     18308
     21386     24531     28006     31668     35703     40218     44137     48522
     52937     56971     61016     64549     68664     72447     75480     77721
     79917     81627     83245     83827     84228     84590     83743     82595
     81776     81014     79145     77710     76002     74384     72028     69770
     67652     65728     63513     61391     58973     56598     55223     53551
     51311     49303     48004     45670     44634     42316     41022     39449
     38295     37331     35895     34661     32946     31893     31110     30004
     29168     27994     27021     26429     25737     24846     23937     23265
     22496     21900     21257     20661     20027     19648     18931     18364
     18116     17201     17046     16586     15976     15835     15147     14911
     14573     14328     13840     13529     13391     13007     12585     12254
     12087     11788     11449     11341     11056     10982     10341     10336
     10242      9809      9668      9353      9327      9050      8732      8616
      8394      8113      8251      8147      7607      7653      7477      7484
      7233      6938      6962      6782      6763      6664      6403      6303
      6183      6183      6017      5900      5794      5786      5619      5564
      5488      5316      5390      5114      5098      5106      5120      4934
      4921      4800      4525      4523      4455      4494      4406      4425
      4324      4277      4222      4096      4136      3957      3854      3783
      3764      3719      3641      3499      3663      3481      3500      3255
      3494      3394      3257      3213      3183      3207      3150      2993
      3097      2945      2980      3003      2952      2848      2922      2794
      2741      2722      2645      2629      2674      2613      2625      2559
      2537      2473      2494      2444      2484      2456      2358      2338
      2350      2164      2148      2206      2173      2154      2169      2091
      2019      2093      1983      2063      1987      1988      2006      1947
      1924      1879      1839      1808      1774      1804      1665      1763
      1703      1743      1691      1675      1679      1637      1548      1636
      1545      1554      1508      1468      1540      1527      1527      1499
      1527      1425      1430      1435      1364      1313      1299      1336
      1328      1352      1300      1328      1302      1257      1238      1155
      1247      1255      1244      1254      1168      1186      1179      1115
      1153      1125      1143      1131      1163      1085      1044      1044
      1044      1007       995      1046      1012       972      1022      1016
      1015       991       902       889       940       903       906       922
       923       862       843       836       854       834       911       901
       808       765       827       762       795       800       800       730
       738       779       772       753       679       719       699       679
       705       690       726       679       682       705       679       646
       649       605       641       605       611       612       588       611
       623       587       619       583       530       589       565       571
       520       568       550       532       571       553       538       515
       504       530       559       522       458       542       484       523
       494       457       471       489       514       464       509       433
       460       426       461       450       420       451       435       449
       416       404       419       376       388       415       435       410
       395       404       389       429       428       394       422       367
       359       398       383       373       415       350       360       370
       361       405       352       338       332       356       362       338
       319       317       305       314       338       305       334       334
       319       330       301       278       284       284       323       288
       310       300       273       295       267       279       289       254
       270       272       253       281       284       246       261       251
       273       214       251       263       275       258       222       260
       243       229       264       218       229       299       219       272
       245       235       252       226       255       240       241       211
       201       249       232       223       212       196       228       195
       224       210       219       203       196       200       197       220
       208       173       200       188       219       190       204       182
       201       184       178       203       185       220       195       178
       202       212       187       181       170       161       177       152
       142       180       152       151       161       151       185       158
       176       154       180       150       158       148       137       150
       170       192       121       133       158       142       146       149
       153       145       149       153       148       145       167       147
       147       175       147       132       113       135       130       134
       130       142       137       147       135       134       129       127
       152       124       134       137       156       139       140       133
       149       139       156       147       113       143       147       110
       131       124       129       131       116       136       105       142
       106       127       125       116       113       113       124       118
       117       116       122       104       124       102       145       118
       114       117       119       117        98        97        98       130
       124       127       117       130       115       104       102       136
       125        98       111       119        99       110       120       106
        95       125       118       127       113        80       107       113
       108        98       106        88       117       119        97       108
        95       100       103       119       112       102        88       108
       110        97       102       101       111       121       110       115
        95        84       117        94        94       102        88       105
        96        95       105        94       100        92        83       119
       104       108        99        98       102       107       119        96
       108       102       104       108       102        95        98       100
        96        99        90        98        95       100       110       104
        98       100        95        91        95        89        95        89
       107        98        83        98       105        89       101        79
        96       100       107        96        98        98       112        97
        85        98        91        92        90        92        82        81
        82        98        76        71        89        75        89        78
        70        90        82        93       102        96        91        76
        99        90        90        85        82        86        77        94
        82        76        92        86        86        84        85        68
        81        93        88        70        95        79        72        89
        83        88        90        91        69        81        94        86
        96        89        77        82        92        80        96        80
        81        71        88        85        78        86       101        82
       102        75       103        96        97        90        79       101
        82       102        91        85        98        93        99        75
       100        83        80        90        93        85        80        91
        86        86        88        77        83        89        97        78
        84        66        66        77        76        92        79        87
        80        87        82        66        68        85        80        84
        84        67        78        88        82        74        83        81
        95        79        94        79        82        90       105        83
        86        88        99        82        82        77        81        92
        70        81        89        75        87       104        87        87
        91        76        80        79        79        87        88        81
        76        92        69        86        78        82       101        61
        90        81        81        83        72        85        77        89
        92        88        71        86        79        75        85        85
        93        80        87        83        84        76        66        82
        78        85        85        69        78        79        75        80
        85        68        73        75        88        73        81        80
        74        83        93        76        89        67        84        79
        70        70        81        74        76        73        88        86
        89        79        69        69        72        80        70        87
        95        70        87        87        82        76        82        78
        76        91        96        76        77        90        67        69
        79        79        73        81        83        80        76        74
        75        76        75        96        86        89        78        84
        64        84        85        86        81        80       105        77
        89        94        85        75        78        78        86        77
        86        71        93        81        86        75        73        74
        82        77        63        84        68        75        85        81
        85        80        68        87        81        83       103        79
        80        77        85        78        88        92        80        67
        69        76        72        78        85        67        80        67
        88        75        93        92        82        84        89        73
        78        82        72        92        81        69        77        88
        95        67        78        77        71        67        74        69
        64        99        99        91        81        87        78        86
        80        86        94        92        88        74        91        69
        68        70        70        95        89        80        89        77
        92        78        81        71        80        81        74        67
        74        90        82        77        88        87        82        82
        75        82        87        85        65        84        78        75
        72        80        82        79        82        84        83        80
        77        84        80        86        92        78        84        85
        81        84        91        77        86        90        81        92
        88        77        77        73        84        75        84        82
        87        75        87        81        83        81        90        88
        83        98        81        86        79        66        82        87
        81        77        95        76        78        80        85        79
        70        79        72        80        81        84        81        81
        79        82        77        86        82        81        90        91
        83        78        87        87        96        82        83        82
        76        78        75        79        73        82        82        80
        85        70        79        85        79        82        80        86
        75        82        77        69        78        77        83        84
        77        86        91        77        84        78        86        85
        75        88        78        82        85        85        96        81
        80        85        81        82        85        84        93        87
        79        76        85        83        81        81        86        74
        84        83        85        90        82        70        88        78
        74        87        77        80        83        81        83        86
        86        79        79        82        94        73        84        93
        69        76        80        77        73        74        84        78
        80        78        86        85        79        92        82        70
        92        75        90        74        90        79        74        85
        79        77        80        75        71        85        82        72
        83        80        78        78        75        75        83        83
        86        82        86        77        78        76        90        78
        87        77        74        79        74        74        66        77
        81        86        82        76        75        69        68        66
        74        77        82        71        75        73        77        73
        77        78        72        80        82        83        78        68
        77        77        77        70        75        78        84        75
        76        74        76        77        74        75        69        67
        87        74        74        71        72        87        89        80
        71        75        76        71        76        67        75        77
        71        88        82        81        71        84        78        81
        75        86        76        81        70        77        90        74
        73        73        75        79        72        81        77        77
        76        67        77        73        78        78        77        83
        76        85        80        71        76        75        74        73
        71        80        67        79        79        75        72        70
        71        79        73        69        77        79        72        80
        78        75        70        77        73        73        76        77
        81        79        77        78        77        76        77        67
        66        85        73        78        83        86        71        78
        80        72        68        65        81        74        71        82
        84        81        73        79        75        75        77        79
        77        84        83        84        71        76        68        73
        69        77        77        79        80        74        79        68
        79        82        78        81        85        68        75        79
        77        67        86        74        80        69        69        73
        86        76        68        76        75        68        75        74
        82        74        69        79        79        72        86        72
        78        77        72        85        74        69        75        72
        82        85        81        73        76        75        69        75
        85        67        76        75        91        73        74        87
        76        74        82        74        83        78        81        79
        65        77        73        74        74        77        83        72
        76        73        81        73        71        80        78        85
        67        81        76        78        76        76        88        78
        71        71        68        68        78        77        72        77
        79        74        77        83        72        73        72        84
        68        81        78        72        74        78        78        81
        76        79        70        87        85        76        78        80
        69        72        73        70        75        80        81        77
        74        85        91        82        78        77        81        76
        85        76        80        79        76        78        75        84
        72        71        73        85        75        67        79        84
        71        77        70        75        81        73        86        70
        75        88        80        80        68        77        76        74
        82        86        77        77        75        83        87        81
        68        83        74        76        80        86        68        80
        70        74        77        75        81        72        86        78
        80        87        80        83        72        76        83        84
        77        73        76        73        78        72        74        82
        73        86        69        83        90        75        72        78
        74        76        81        70        78        75        76        70
        77        90        79        66        69        79        78        80
        74        76        85        82        76        74        71        86
        75        74        78        80        72        70        77        69
        81        70        86        78        76        76        80        78
        83        91        79        79        71        82        85        78
        81        86        78        63        78        73        73        81
        76        75        70        84        70        72        74        81
        78        79        83        78        77        92        77        76
        74        85        82        76        84        67        74        81
        80        83        84        74        73        79        81        68
        76        74        82        78        72        67        85        74
        77        69        82        75        62        77        78        78
        83        87        74        80        73        79        75        83
        75        68        86        75        73        78        77        71
        81        89        87        75        88        73        81        80
        91        78        74        90        82        82        75        86
        82        86        69        75        74        82        80        79
        67        77        79        90        71        85        75        76
        76        71        88        81        77        77        77        79
        84        67        77        81        77        90        82        77
        82        72        77        78        75        70        80        76
        80        78        76        69        80        74        81        79
        73        66        70        85        79        79        80        80
        84        74        78        80        69        86        72        76
        78        75        69        82        80        75        76        80
        76        73        81        70        74        71        77        83
        71        78        79        76        82        83        85        63
        71        82        72        81        87        75        78        78
        77        75        66        78        82        80        74        81
        72        80        75        77        78        82        76        72
        72        81        71        69        75        69        68        86
        74        73        62        77        76        77        76        78
        81        69        78        88        83        82        81        74
        73        74        78        80        76        71        75        68
        71        67        75        81        68        77        74        77
        83        71        72        76        73        78        70        79
        80        77        77        78        75        82        66        79
        78        85        84        75        72        79        79        67
        71        71        76        71        99        73        87        66
        71        72        67        71        77        74        70        74
        83        80        83        79        74        71        73        72
        67        74        71        76        76        90        81        64
        75        75        76        75        90        74        74        87
        67        78        74        70        73        79        78        69
        78        74        78        74        71        77        78        72
        81        90        78        74        77        70        76        73
        74        71        68        79        74        78        76        74
        69        76        74        76        80        78        78        71
        65        74        83        75        76        68        65        78
        77        77        70        65        77        72        69        84
        82        70        82        76        81        79        70        85
        70        77        76        74        81        71        81        77
        81        69        72        80        79        74        77        76
        82        68        75        74        73        71        74        69
        76        77        76        83        76        72        77        76
        77        72        90        72        88        80        74        78
        78        82        73        73        63        80        77        72
        67        75        83        74        91        77        64        70
        76        80        86        87        82        80        82        77
        77        81        71        73        84        73        80        74
        66        84        71        81        79        69        74        86
        63        80        84        69        84        72        79        73
        78        75        78        73        78        73        78        80
        79        74        75        81        80        83        77        80
        81        87        82        89        78        75        84        76
        79        76        77        74        78        74        72        78
        67        76        75        81        88        68        74        77
        83        76        75        71        77        77        75        66
        75        68        84        74        76        69        73        80
        74        76        68        77        81        75        64        76
        65        75        68        87        77        77        80        70
        78        78        83        74        72        84        80        75
        82        76        80        78        65        69        80        83
        78        65        70        81        83        76        76        71
        70        75        80        74        77        81        72        86
        79        66        80        75        76        65        83        82
        83        80        84        78        81        80        93        73
        81        72        79        69        83        86        73        76
        84        85        77        73        79        82        76        75
        75        72        67        71        77        73        71        74
        79        77        75        73        73        67        73        80
        77        77        75        67        73        69        80        72
        80        80        68        75        74        75        82        77
        72        75        84        80        88        87        77        72
        70        66        72        75        76        72        83        73
        84        73        82        79        70        74        80        70
        78        78        76        76        78        77        73        89
        80        69        77        77        73        76        71        69
        85        67        84        81        85        83        82        77
        86        71        68        80        80        84        77        81
        80        74        75        84        85        72        77        76
        72        83        74        84        72        70        77        69
        83        73        74        75        72        78        79        84
        80        75        76        77        80        82        80        86
        74        82        76        71        81        76        78        78
        79        70        83        77        73        81        71        74
        82        73        83        77        72        78        71        72
        85        74        69        70        80        78        65        79
        70        74        85        74        77        79        79        75
        82        69        70        73        83        68        81        78
        75        69        70        67        73        86        72        83
        78        76        79        84        86        78        76        66
        77        82        83        78        81        83        75        88
        79        78        75        72        81        69        82        81
        70        79        72        76        75        80        66        77
        78        78        66        73        87        67        71        78
        81        75        74        73        75        88        72        77
        74        80        70        83        80        72        79        91
        77        74        70        71        74        78        88        75
        76        84        76        73        78        86        77        70
        77        75        87        85        76        76        76        78
        80        65        78        82        73        73        76        71
        82        72        66        78        83        73        75        76
        81        76        79        74        77        75        72        75
        76        71        76        81        81        74        67        82
        80        79        71        73        74        64        86        77
        88        67        84        72        73        77        79        82
        72        84        85        79        74        80        78        72
        66        70        80        80        70        83        81        77
        75        78        74        80        81        84        82        83
        77        80        78        81        71        73        77        78
        75        70        77        76        80        69        84        76
        69        72        75        79        77        83        71        66
        71        80        70        75        75        76        77        79
        74        78        73        69        81        94        78        77
        84        68        70        86        72        90        84        73
        73        84        74        79        68        82        70        75
        79        80        78        80        69        79        78        78
        81        78        76        77        78        63        70        69
        73        85        85        84        80        73        75        66
        76        92        74        83        75        86        69        79
        69        70        80        70        70        76        85        79
        76        67        75        68        83        72        73        75
        83        69        81        78        68        89        78        72
        73        81        83        76        83        79        67        74
        83        73        73        84        74        75        78        68
        77        76        84        74        74        77        78        71
        74        75        77        73        79        70        78        73
        70        75        76        71        81        72        70        84
        74        74        73        74        68        72        70        74
        75        79        88        81        73        75        80        76
        76        71        74        78        75        72        71        72
        75        72        73        81        73        71        89        87
        76        82        69        74        73        78        73        80
        79        77        80        75        74        75        78        75
        85        82        74        89        76        79        78        80
        74        74        78        78        71        92        78        86
        76        68        75        74        67        75        71        82
        80        78        72        85        69        79        89        85
        77        77        76        79        77        83        74        79
        84        72        76        68        84        69        71        79
        71        83        75        75        79        75        73        83
        73        83        70        77        89        83        79        72
        83        77        77        79        75        77        73        85
        69        80        70        74        77        71        73        77
        78        62        85        68        75        76        77        80
        71        73        78        76        66        83        75        85
        77        79        78        81        83        71        76        78
        67        93        77        82        83        76        80        82
        75        70        75        85        75        74        74        74
        77        81        96        72        78        82        74        77
        79        76        77        81        75        71        83        78
        66        77        82        74        84        69        74        66
        74        73        80        82        80        67        77        71
        79        74        80        81        79        83        73        76
        73        72        77        83        80        78        68        71
        71        75        84        79        76        74        78        71
        74        77        69        81        83        81        80        80
        77        80        70        72        85        68        75        65
        75        72        68        70        80        75        66        75
        71        70        82        75        68        76        76        77
        74        71        74        71        82        79        78        70
        68        85        82        72        76        71        70        72
        78        71        82        71        77        65        74        86
        72        86        64        83        78        85        75        79
        77        73        69        82        79        90        74        74
        77        71        83        77        76        76        75        82
        76        78        71        69        80        77        78        75
        67        80        70        77        75        72        76        73
        78        74        77        65        75        78        77        79
        71        80        83        82        71        70        68        75
        84        71        78        65        71        72        73        74
        76        68        79        81        72        82        83        71
        79        75        87        71        72        77        81        76
        64        74        81        84        79        75        80        76
        77        74        79        70        77        68        70        76
        82        72        70        74        77        72        84        76
        81        86        83        81        72        70        72        75
        76        76        78        83        79        80        69        81
        77        76        80        85        78        76        78        78
        81        77        80        72        87        82        63        75
        74        72        81        68        77        76        80        81
        87        73        70        79        68        85        80        68
        73        74        70        75        73        76        77        78
        77        72        78        82        77        78        76        73
        81        74        74        75        71        82        77        77
        75        69        68        78        74        69        75        74
        76        71        74        80        73        83        81        76
        75        76        83        75        70        85        82        72
        77        78        73        75        83        71        79        80
        73        84        77        80        81        75        82        74
        78        78        75        83        73        68        75        81
        68        78        66        75        80        88        69        74
        74        83        90        69        71        85        81        82
        76        74        79        82        78        77        85        76
        75        73        74        84        86        68        75        85
        85        70        74        77        77        72        79        79
        82        82        78        87        77        86        73        83
        78        78        67        78        71        83        78        65
        73        84        86        72        72        70        71        79
        78        86        85        72        83        74        86        75
        78        70        72        73        78        72        75        79
        83        81        84        74        72        80        75        78
        85        71        84        77        82        78        73        89
        69        74        80        71        74        78        78        79
        71        71        79        82        74        77        83        83
        73        70        84        85        72        83        83        80
        78        69        74        74        77        66        77        81
        73        78        73        71        71        72        77        74
        77        75        75        77        78        83        74        74
        77        85        83        87        80        79        79        74
        79        72        69        76        63        71        72        81
        67        70        81        83        75        68        73        71
        75        68        77        77        78        74        80        78
        77        79        85        74        71        78        68        81
        75        70        80        70        73        73        83        74
        73        71        78        74        71        81        75        81
        80        73        77        80        67        84        85        84
        77        85        77        74        80        74        82        63
        71        87        68        76        78        79        77        67
        70        77        85        78        80        72        80        80
        76        74        75        75        73        66        79        71
        71        81        74        78        76        79        74        79
        73        77        79        72        66        75        74        78
        73        84        79        67        74        70        68        75
        77        74        70        89        78        86        77        76
        71        74        78        71        76        75        70        71
        71        72        73        73        76        82        80        75
        87        74        73        75        84        90        77        75
        82        74        73        65        80        75        77        73
        75        68        70        65        79        87        76        73
        77        78        77        79        74        73        77        74
        77        83        67        78        72        71        76        69
        74        74        77        77        77        81        72        85
        72        76        78        78        80        89        79        72
        81        74        72        89        79        82        75        74
        75        72        86        73        78        69        81        70
        71        74        79        78        78        89        76        66
        73        75        74        90        70        76        75        63
        73        90        66        76        72        70        74        82
        75        84        69        79        79        80        78        74
        90        82        79        83        84        76        73        73
        76        87        78        78        81        78        85        74
        83        82        74        77        81        80        77        78
        71        77        80        67        74        75        71        72
        85        83        79        79        84        77        70        68
        86        75        77        80        76        72        78        76
        79        86        74        81        77        79        87        82
        69        78        73        72        71        80        67        80
        72        83        77        66        59        83        69        79
        69        87        82        68        69        77        75        78
        80        75        72        82        70        82        87        76
        72        67        78        77        72        68        72        79
        82        69        73        72        78        74        86        80
        83        76        73        81        77        67        83        84
        76        82        77        81        82        76        70        68
        80        72        76        80        73        71        72        75
        83        76        92        74        75        72        70        77
        74        79        79        84        91        85        81        75
        74        76        81        78        76        76        79        82
        80        75        86        79        78        78        82        76
        79        69        78        69        87        80        68        74
        79        81        70        91        68        74        72        83
        72        89        79        73        73        81        84        76
        73        83        73        72        76        77        74        70
        72        77        83        80        77        79        78        69
        76        79        78        84        72        87        73        68
        85        61        74        71        75        76        74        75
        79        69        73        77        76        86        82        74
        71        82        77        77        75        85        90        79
        86        69        76        79        81        86        78        79
        75        68        79        78        74        84        81        76
        77        85        83        86        75        78        73        82
        76        84        74        67        64        71        78        77
        77        73        79        77        69        77        72        73
        78        80        75        66        79        63        80        80
        69        82        78        70        83        67        73        75
        76        72        81        80        78        76        87        79
        75        77        72        79        70        74        70        76
        85        79        73        81        90        78        80        69
        79        76        64        77        76        77        70        78
        69        75        66        78        63        83        73        78
        74        83        71        78        78        75        75        72
        79        76        75        75        82        86        78        78
        75        71        71        68        73        73        76        70
        81        68        72        66        80        79        80        74
        73        69        79        83        93        75        71        87
        86        75        85        76        72        79        78        75
        82        72        83        74        80        76        77        84
        74        65        89        84        77        79        83        79
        78        83        72        82        77        89        81        79
        75        75        79        74        92        84        72        68
        66        81        71        76        74        79        78        77
        73        77        77        85        76        73        78        82
        76        74        77        76        81        68        70        66
        90        80        73        67        79        76        83        72
        80        80        76        64        81        67        79        75
        75        76        74        81        80        84        79        71
        82        76        77        77        80        82        74        75
        84        75        80        70        69        77        82        81
        84        77        81        75        80        69        69        82
        75        92        85        82        85        74        81        79
        64        71        75        73        75        82        86        80
        76        70        78        72        79        85        84        78
        78        76        84        71        92        83        83        67
        95        86        62        81        76        79        78        69
        79        81        83        79        79        71        80        80
        73        82        75        67        80        79        71        71
        73        79        74        77        73        81        75        73
        88        77        78        73        79        73        83        70
        73        73        87        79        77        84        76        74
        76        74        76        77        79        89        72        78
        71        82        72        72        70        83        72        78
        75        68        77        83        72        76        71        82
        78        70        77        83        77        83        72        76
        80        78        77        75        69        65        78        79
        77        73        70        77        77        79        76        73
        67        78        73        76        76        79        77        85
        84        74        82        78        75        76        76        77
        73        73        83        80        77        67        81        75
        83        70        81        84        70        78        81        72
        74        72        75        82        76        69        88        74
        89        75        69        82        83        76        81        81
        79        75        81        73        67        76        75        79
        75        77        71        75        65        74        85        78
        72        74        77        87        71        74        82        80
        79        73        78        67        74        70        76        72
        70        73        87        73        74        77        78        81
        81        75        81        75        73        77        82        82
        81        86        76        80        82        73        85        75
        79        80        84        85        72        78        75        72
        71        76        71        79        69        83        83        80
        83        77        85        80        80        76        81        76
        76        74        75        80        68        78        72        68
        72        74        75        77        72        81        80        76
        80        81        69        85        79        74        76        74
        75        71        70        72        80        74        73        83
        78        70        76        68        77        77        73        81
        76        91        68        86        72        75        72        84
        87        81        75        76        71        74        82        79
        77        74        78        78        75        78        67        71
        78        71        74        75        80        70        73        81
        73        74        76        75        77        77        75        86
        72        81        73        88        81        74        79        74
        80        72        71        79        65        84        71        81
        83        70        73        75        69        78        77        73
        66        74        72        76        79        71        82        77
        84        80        87        78        84        84        72        81
        76        81        84        77        76        80        85        76
        77        81        81        82        74        75        79        75
        79        77        72        82        73        75        75        76
        79        71        70        71        77        78        69        77
        78        84        74        70        77        75        71        81
        82        83        77        72        72        88        70        77
        69        67        82        68        71        76        82        84
        64        83        78        76        69        75        80        74
        75        81        72        74        88        87        66        73
        77        70        77        79        70        84        75        72
        78        72        76        80        73        76        68        72
        87        75        80        76        70        79        83        72
        72        74        80        89        66        87        76        78
        85        74        77        69        73        68        75        82
        78        77        76        78        76        72        67        84
        75        78        72        74        87        68        83        75
        85        78        75        81        79        67        75        84
        72        86        70        78        79        79        74        74
        78        83        77        68        73        73        72        79
        81        85        71        92        77        71        77        71
        78        66        74        74        81        74        76        84
        80        74        68        70        92        76        74        75
        78        76        72        67        78        77        73        77
        78        76        76        69        71        73        77        78
        72        72        69        72        67        74        75        80
        78        70        77        86        75        69        80        82
        66        71        75        69        70        81        77        84
        86        67        88        83        74        77        73        79
        76        74        72        76        78        79        79        78
        74        75        68        77        67        76        74        77
        78        82        83        73        71        81        82        79
        73        81        83        84        79        75        76        70
        64        74        75        73        82        74        68        71
        78        82        72        80        76        83        78        71
        79        79        76        69        77        74        80        87
        73        74        79        68        82        79        78        64
        72        72        74        73        85        76        68        68
        75        74        76        71        73        74        77        88
        80        72        72        83        91        69        77        75
        75        73        84        75        80        82        73        83
        77        90        75        65        72        81        71        72
        76        74        87        81        69        74        84        83
        84        88        82        67        77        86        81        79
        79        73        80        76        77        84        77        72
        73        77        64        73        75        76        82        76
        76        73        75        75        77        76        83        66
        77        78        77        76        68        70        75        77
        79        80        68        76        78        79        75        75
        80        75        73        84        69        75        89        74
        74        84        80        75        61        81        72        82
        79        61        75        69        75        86        74        83
        72        76        67        75        75        73        70        75
        74        80        77        83        67        72        71        71
        73        78        76        76        82        75        81        72
        81        79        76        78        84        74        70        74
        78        83        81        80        77        69        81        77
        75        79        75        73        78        78        76        69
        72        73        78        87        74        71        76        78
        83        65        80        70        71        80        82        78
        79        81        85        77        74        76        72        82
        73        79        75        72        76        71        69        79
        71        76        83        80        72        79        80        86
        84        75        83        80        82        77        84        69
        79        76        69        88        75        81        80        76
        74        74        76        71        77        74        74        78
        72        76        77        76        72        71        78        72
        82        75        74        71        75        85        79        80
        73        72        76        82        80        65        73        85
        87        68        78        76        72        89        74        77
        78        72        79        74        78        82        75        87
        73        83        78        80        79        83        70        74
        85        89        77        76        78        67        81        70
        71        82        85        79        87        78        84        76
        67        75        70        87        78        73        81        71
        75        73        70        81        79        76        63        78
        73        78        75        76        65        74        72        80
        72        77        79        78        77        71        79        69
        82        83        88        77        78        79        69        75
        74        82        86        78        79        82        64        82
        76        85        79        73        76        88        72        79
        74        66        86        66        79        74        84        75
        69        77        82        79        73        80        75        75
        80        79        79        82        77        65        74        76
        71        82        73        75        63        74        77        73
        78        78        72        80        74        73        71        78
        85        74        91        80        75        80        70        71
        76        75        76        75        73        75        86        87
        73        88        77        82        81        76        72        77
        76        69        71        79        77        82        84        70
        70        74        84        82        76        72        81        82
        74        75        76        88        71        78        73        81
        77        96        79        70        71        73        73        82
        79        73        81        74        71        77        71        68
        75        77        83        67        91        70        77        73
        79        87        81        82        78        79        72        68
        84        71        88        72        74        82        75        78
        62        75        85        79        73        74        72        73
        81        81        76        75        78        85        78        79
        79        76        73        77        86        78        87        77
        84        72        67        78        78        81        72        71
        71        75        71        66        80        78        88        68
        74        80        89        80        75        84        80        79
        80        74        82        81        81        77        77        76
        67        82        71        72        84        72        75        81
        71        69        79        77        70        82        76        80
        81        73        79        76        80        78        75        77
        67        80        76        82        76        67        70        75
        74        81        70        79        74        82        79        75
        75        77        75        77        75        80        76        82
        72        74        87        78        74        76        71        84
        76        72        70        74        78        84        79        73
        78        87        79        81        69        68        77        84
        73        80        79        70        90        75        72        66
        83        78        85        70        77        79        72        80
        68        77        57        73        74        84        76        70
        81        76        70        94        80        82        77        81
        68        76        78        75        74        78        85        75
        77        79        83        76        81        72        74        85
        69        76        81        71        84        71        77        70
        86        77        76        74        70        69        79        71
        94        84        79        77        73        77        79        76
        84        75        80        81        79        74        71        74
        85        74        71        80        87        81        74        81
        84        86        85        69        63        82        72        74
        69        77        85        81        76        79        85        75
        78        75        84        73        74        73        72        75
        74        79        71        88        81        73        79        70
        79        74        70        73        77        84        80        76
        80        78        75        70        81        88        87        77
        68        67        83        72        82        72        80        75
        80        76        77        87        83        95        73        69
        78        87        64        76        74        72        82        67
        74        75        73        88        73        72        81        81
        88        79        69        85        83        68        75        76
        76        81        83        84        76        76        77        78
        75        77        82        89        75        75        78        74
        78        84        69        74        81        73        76        74
        72        71        74        73        82        72        76        78
        68        84        85        75        76        78        79        83
        83        76        84        75        80        77        82        77
        73        70        73        82        85        68        80        76
        82        67        73        75        79        78        77        69
        73        86        71        76        71        78        74        84
        76        77        77        85        83        74        69        92
        81        72        78        84        69        73        86        80
        77        91        80        73        68        74        83        72
        71        82        80        68        81        84        76        77
        69        82        74        74        82        76        81        85
        74        72        81        77        71        79        75        72
        75        84        77        74        78        78        70        80
        83        74        82        81        77        81        69        72
        74        76        77        70        87        76        77        76
        80        81        69        71        81        79        80        91
        95        82        79        76        76        81        76        81
        78        80        76        67        70        73        84        77
        79        75        83        84        81        75