CMSX-1
0.006582
2
0.3
        42
        48        37        48        41        45        35        43        51
        42        38        56        44        44        46        41        52
        41        63        53        32        38        52        42        32
        44        44        40        42        49        51        37        44
        36        38        43        46        58        37        42        32
        44        51        43        43        43        51        52        41
        52        48        47        47        52        57        45        53
        44        59        49        51        58        58        39        45
        47        57        37        55        51        51        43        46
        38        47        51        46        53        46        57        43
        51        51        41        58        57        51        43        50
        47        60        53        54        50        45        55        48
        44        63        64        42        67        46        48        45
        55        55        52        60        65        69        61        57
        62        58        72        72        74        79        72        78
        75        96        82       121       117       111       137       134
       146       172       187       196       227       222       282       285
       315       353       396       461       516       516       674       675
       810       868       925      1064      1159      1282      1500      1637
      1831      2037      2244      2401      2751      3045      3416      3940
      4184      4666      5382      5635      6361      6918      7710      8504
      9362     10352     11034     12388     13474     14814     15872     17267
     18612     20230     22046     23486     25144     27430     29233     31312
     33140     35688     37792     40459     42539     44730     47576     50239
     52469     55127     57379     59462     62985     64687     67272     69943
     71354     73589     76030     78152     79941     81763     83020     84760
     85767     86998     88441     89159     90059     90205     90599     90464
     90791     91068     90638     90296     90073     90029     88921     88546
     86917     85143     85122     83234     82195     81034     79575     77591
     76136     74690     72819     71219     69064     67645     65758     64048
     62288     60624     58556     56714     54967     53286     51485     49204
     48056     46191     44553     42902     41786     40310     38571     37052
     35737     34381     32771     31375     30488     29184     28139     26918
     25744     24610     23697     22895     21982     21140     20143     19220
     18410     17853     17152     16622     15580     15249     14425     13872
     13409     12922     12472     11707     11243     10947     10740     10136
      9667      9438      9017      8656      8416      7987      7806      7508
      7278      6983      6827      6591      6267      6078      5849      5789
      5517      5294      5221      4995      4872      4724      4645      4407
      4320      4109      3967      3913      3755      3753      3606      3428
      3267      3344      3211      3219      3093      2986      2871      2676
      2775      2802      2611      2603      2485      2474      2462      2277
      2262      2266      2106      2111      2116      2046      2040      2025
      1886      1913      1765      1780      1799      1701      1737      1668
      1639      1606      1476      1575      1478      1470      1487      1374
      1328      1348      1419      1328      1288      1226      1203      1190
      1221      1178      1168      1136      1171      1047      1076      1038
      1037      1002      1020      1036       997       946       934       922
       944       875       869       810       829       835       766       788
       783       746       811       746       717       717       725       713
       644       700       669       698       615       622       609       576
       593       595       601       551       588       536       556       541
       549       487       488       478       507       475       495       538
       475       488       442       452       428       421       426       395
       438       426       370       389       383       406       395       408
       395       370       346       362       348       323       334       326
       307       347       291       287       285       295       280       297
       303       309       290       283       273       266       278       244
       282       274       247       277       259       241       240       206
       222       229       235       238       217       219       217       195
       205       210       196       217       211       215       185       196
       199       177       182       178       169       173       205       158
       171       162       138       169       160       181       129       158
       143       176       141       137       147       148       149       173
       162       142       159       150       154       131       150       134
       141       151       136       116       136       131       125       109
       140       122       111       121       119       111       120       119
       120       114       106       122       104        95        92       106
       114       107       124        88        93       127       107        94
       116       106       105       109        91       103       116        76
        98        95        97        77        92        90        98       105
        77        87        76        85        81        85        85        83
        86        85        76        84        87        81        94        94
        83        74        71        79        71        71        78        76
        72        80        74        67        74        64        93        65
        66        70        66        69        64        72        74        63
        60        71        67        82        79        62        68        60
        61        69        68        67        55        65        61        58
        50        55        59        67        61        73        71        43
        64        61        41        62        61        59        69        55
        64        56        45        63        66        61        47        54
        62        57        56        55        53        54        51        50
        58        67        52        55        51        59        63        57
        68        40        48        46        46        47        63        48
        51        56        47        50        59        54        57        52
        60        51        62        48        62        60        42        52
        49        52        52        44        40        57        59        57
        51        56        45        51        51        45        60        46
        49        56        46        50        42        38        44        45
        46        44        53        52        47        29        44        60
        47        57        48        48        52        60        49        38
        39        41        37        36        47        49        42        51
        40        52        51        44        36        44        45        51
        41        46        46        47        43        39        49        36
        45        51        42        37        47        46        39        51
        54        54        42        52        44        46        38        37
        33        46        30        49        40        46        41        58
        45        49        39        36        59        49        50        39
        32        43        33        40        47        37        40        38
        39        40        43        28        56        46        44        37
        43        49        45        48        39        38        33        48
        36        49        48        43        42        41        45        54
        42        45        50        51        46        50        44        33
        49        42        44        36        36        38        36        28
        44        42        43        46        34        40        35        49
        49        45        43        45        44        43        42        47
        44        39        37        56        45        50        53        42
        43        40        48        47        45        47        47        41
        34        57        47        40        35        38        35        46
        45        50        30        35        40        34        39        33
        37        30        47        51        36        39        41        43
        35        37        54        50        40        42        47        45
        29        43        29        43        52        41        42        40
        46        51        46        43        44        39        38        43
        46        31        30        63        35        46        58        53
        36        43        48        39        41        49        41        38
        41        38        45        50        46        30        50        45
        44        44        42        42        41        43        30        59
        44        65        40        33        50        39        43        39
        58        40        34        43        45        45        41        39
        43        40        49        37        38        41        54        47
        59        42        42        47        42        53        46        46
        42        30        59        50        43        62        57        41
        60        44        47        42        58        46        42        41
        48        33        42        47        54        45        54        39
        55        55        49        44        42        45        47        41
        53        62        69        52        53        41        55        51
        51        46        35        55        55        44        53        52
        44        58        49        51        47        50        48        39
        54        62        46        45        51        42        51        49
        65        50        49        46        46        49        48        58
        51        51        53        44        29        48        49        56
        47        47        40        45        34        42        44        51
        48        48        38        31        39        41        49        46
        46        44        42        68        47        37        34        43
        30        41        55        48        52        42        46        35
        29        48        45        40        44        55        41        50
        46        40        50        42        42        35        35        47
        37        42        29        42        43        50        47        35
        54        39        36        31        41        40        37        41
        39        40        42        43        37        46        44        37
        36        44        45        38        41        40        41        45
        32        41        40        36        64        37        36        53
        41        53        39        40        42        36        46        42
        49        37        46        38        33        47        43        36
        56        38        46        39        44        42        47        37
        31        29        35        51        45        40        42        41
        32        37        39        35        42        30        38        37
        48        43        30        43        30        52        31        41
        27        26        38        37        48        33        33        42
        29        31        34        48        44        45        33        33
        32        27        47        35        37        41        42        42
        40        48        43        41        38        50        43        38
        31        43        54        45        34        42        34        38
        36        39        40        45        37        41        43        38
        41        42        32        36        37        30        48        35
        33        33        45        25        40        42        46        41
        38        40        46        37        34        51        36        47
        36        38        52        48        47        34        41        44
        36        40        46        42        34        37        36        36
        37        38        48        50        43        37        42        37
        39        27        42        39        28        46        31        33
        40        42        38        41        36        44        37        32
        37        52        39        29        41        33        38        51
        32        34        37        33        36        37        33        33
        42        32        38        44        30        42        39        37
        48        44        43        37        49        37        52        35
        44        55        44        38        33        30        42        46
        41        52        33        40        41        47        30        44
        35        43        48        46        37        26        31        33
        38        45        40        45        52        48        49        39
        33        42        28        31        45        30        42        42
        45        34        34        38        30        54        31        35
        33        42        42        40        27        48        45        32
        45        44        36        40        35        29        37        43
        28        32        43        44        28        37        47        42
        32        36        46        41        43        38        44        31
        47        36        43        36        31        32        49        39
        40        39        36        55        31        34        39        48
        49        52        41        43        34        51        40        36
        36        39        31        41        44        24        39        37
        46        41        37        45        45        44        40        43
        29        42        42        36        42        38        40        38
        39        41        32        34        43        29        37        36
        32        45        38        39        46        36        42        45
        41        43        26        34        47        47        32        45
        36        38        45        41        47        39        31        42
        36        45        34        42        35        35        35        30
        33        32        41        39        39        43        32        34
        27        49        37        44        35        33        36        44
        40        40        37        50        35        24        38        48
        41        33        45        32        42        48        49        27
        44        49        42        53        36        43        43        48
        37        38        42        32        47        47        32        51
        47        24        47        48        39        41        52        32
        31        33        33        33        38        32        32        51
        36        40        44        30        34        47        52        40
        38        32        38        48        46        33        42        49
        43        34        44        40        41        36        31        38
        30        41        40        50        43        30        46        34
        39        37        34        48        34        45        30        35
        34        39        40        32        46        45        37        43
        43        38        34        41        36        37        43        41
        41        41        43        42        35        48        40        55
        34        36        45        39        45        37        46        34
        29        37        43        35        38        28        43        45
        41        42        35        40        39        45        39        43
        39        40        44        38        40        38        38        36
        35        34        37        34        35        34        32        34
        31        37        42        39        46        32        32        38
        47        36        38        54        37        49        37        45
        33        41        54        33        36        41        41        39
        37        43        51        43        30        43        30        40
        38        40        36        41        46        41        43        47
        52        40        35        42        45        45        41        35
        43        36        38        32        53        42        44        42
        52        38        50        43        30        37        40        42
        45        33        40        48        40        53        49        52
        40        33        40        44        42        44        44        48
        36        47        38        43        42        29        50        46
        53        43        38        48        32        51        42        48
        42        42        38        43        37        41        40        41
        53        57        36        47        48        43        43        49
        46        42        38        35        48        34        38        37
        49        40        31        41        38        36        33        29
        47        44        41        42        40        51        41        42
        25        40        29        28        39        35        44        42
        37        47        45        39        35        47        44        51
        38        39        32        32        45        45        33        36
        36        42        32        32        42        54        43        38
        36        34        34        34        39        43        31        38
        37        38        52        37        29        46        36        40
        45        30        31        30        44        35        37        30
        37        33        41        40        42        35        40        50
        47        28        35        35        29        34        27        35
        36        44        31        38        35        38        35        39
        35        47        35        32        33        35        36        35
        40        40        50        45        47        35        33        40
        50        35        41        47        34        34        37        33
        44        45        38        41        31        49        46        29
        40        47        33        26        48        42        44        26
        43        40        44        38        33        39        52        52
        45        40        45        46        40        42        47        32
        49        41        39        45        37        38        35        38
        40        48        38        29        46        43        52        43
        44        34        33        44        50        35        37        42
        38        34        42        45        33        44        48        35
        40        40        49        44        51        55        40        33
        42        43        50        42        46        25        31        28
        41        40        35        35        42        38        37        40
        48        36        40        56        38        36        42        39
        26        42        44        36        40        34        45        32
        47        43        20        36        37        43        27        48
        43        35        35        32        36        43        30        36
        45        42        35        33        29        33        32        49
        49        32        45        37        38        41        34        24
        33        36        41        34        47        38        44        35
        32        33        36        29        39        30        45        31
        41        29        43        52        45        37        42        30
        31        36        35        30        38        29        33        33
        32        39        35        33        38        33        33        27
        40        37        28        30        36        34        37        37
        45        32        37        41        36        32        42        34
        32        39        41        44        45        41        32        40
        38        39        29        35        37        28        31        43
        34        38        40        30        42        43        42        30
        38        34        30        44        41        33        43        34
        41        47        33        43        46        32        39        44
        44        33        33        38        48        52        34        38
        28        38        36        43        44        30        41        32
        32        28        35        42        44        35        33        35
        38        47        37        35        32        43        38        52
        33        40        26        31        44        31        30        32
        32        45        48        31        40        30        34        45
        24        29        45        31        38        48        39        34
        33        50        43        30        46        41        36        40
        38        48        39        36        43        32        40        32
        39        28        36        38        33        44        38        50
        42        33        46        39        38        41        35        45
        39        48        46        35        36        36        32        55
        53        38        32        36        42        47        43        41
        49        39        42        30        39        33        41        41
        46        45        38        40        31        44        51        35
        38        37        35        28        39        34        40        46
        45        34        35        41        33        50        35        38
        43        25        42        34        26        29        27        38
        25        42        35        50        41        49        40        32
        36        42        37        45        40        34        48        45
        36        39        40        41        46        38        49        36
        40        43        34        41        45        35        38        40
        48        45        38        31        45        38        40        38
        42        33        49        28        46        39        43        47
        32        57        42        38        35        41        43        38
        33        37        43        44        37        39        36        37
        28        31        40        45        39        41        36        32
        46        36        46        40        33        43        38        26
        40        51        41        39        43        30        38        27
        38        28        33        45        32        37        38        42
        34        38        40        41        38        38        31        27
        30        27        32        40        29        46        34        45
        32        44        31        35        45        44        38        45
        36        41        42        37        31        32        39        38
        42        43        37        40        53        28        41        54
        35        34        39        37        34        41        45        43
        37        38        41        26        37        43        44        38
        47        37        38        39        42        37        45        38
        35        31        42        37        29        30        41        31
        36        40        32        39        36        39        39        40
        40        44        35        39        34        36        40        30
        33        36        37        46        29        33        42        39
        36        38        50        36        40        40        30        33
        37        35        36        32        19        46        39        38
        39        31        44        40        27        41        30        31
        44        31        40        45        41        36        30        35
        32        43        43        42        42        37        35        29
        37        31        35        45        47        32        37        43
        36        42        40        37        43        37        37        37
        39        34        32        30        40        34        24        32
        41        41        24        41        33        47        43        36
        35        42        47        31        22        33        30        43
        35        28        37        34        29        36        34        32
        32        45        39        39        31        34        26        32
        39        29        28        46        31        35        32        40
        41        34        25        30        40        44        35        29
        37        34        36        48        40        39        34        46
        38        28        34        43        39        44        33        43
        40        32        35        31        38        39        33        37
        41        43        30        42        45        39        32        36
        42        46        36        25        44        36        30        41
        31        28        41        36        31        42        44        45
        40        41        47        33        37        38        37        27
        38        39        28        51        40        48        35        28
        45        45        38        43        32        38        40        48
        53        34        36        30        45        39        41        36
        39        42        35        33        39        36        41        38
        41        37        42        34        41        35        37        43
        34        32        39        33        39        42        32        44
        45        40        46        30        37        29        31        36
        32        33        30        45        29        38        32        41
        45        34        35        32        44        35        35        35
        37        38        44        35        39        33        38        39
        35        40        30        36        36        35        43        34
        36        41        37        27        38        33        45        37
        39        31        32        38        35        32        42        40
        41        40        40        41        36        42        43        37
        34        34        26        33        43        40        42        36
        37        35        37        39        33        40        36        38
        36        42        36        34        44        38        41        44
        34        32        39        39        37        37        39        30
        34        34        39        45        32        34        54        30
        30        33        29        39        33        39        32        46
        29        36        35        36        34        46        33        29
        38        35        42        34        42        44        37        27
        34        37        41        30        33        28        43        32
        38        37        32        33        33        34        30        34
        30        35        39        40        40        40        41        37
        36        31        37        41        28        32        30        36
        38        45        49        34        29        36        45        37
        36        40        40        37        31        35        35        40
        39        46        36        36        37        35        42        34
        40        34        34        39        32        34        30        42
        46        39        35        36        29        36        43        39
        37        33        42        38        45        37        38        41
        32        33        35        34        39        38        36        37
        34        39        38        36        43        46        37        33
        39        40        30        36        39        38        44        41
        41        36        33        37        31        41        34        40
        35        39        31        35        38        35        42        42
        37        40        45        37        38        35        37        37
        32        39        40        33        47        41        37        38
        33        31        32        37        31        47        36        35
        44        40        39        39        34        38        30        33
        41        43        38        42        45        50        38        34
        38        44        37        42        33        41        32        41
        37        43        33        39        33        41        29        42
        32        31        39        34        38        37        31        33
        39        34        35        33        32        36        42        34
        33        37        39        34        42        38        35        37
        39        35        39        37        35        31        36        34
        37        26        31        42        38        32        32        32
        31        36        35        45        39        39        33        35
        42        34        41        36        37        28        36        36
        34        38        33        42        42        35        35        42
        33        39        42        40        30        38        39        35
        34        38        35        34        42        40        38        38
        36        42        35        38        31        43        43        35
        38        40        43        33        40        39        40        39
        41        43        41        33        38        36        33        35
        29        34        33        41        35        34        43        37
        32        34        34        32        33        42        51        37
        42        43        39        38        33        38        35        39
        35        37        40        31        38        45        34        39
        35        46        35        39        40        38        39        38
        30        40        34        38        41        34        43        40
        44        35        40        35        37        36        34        34
        35        39        39        34        44        40        43        34
        34        38        32        37        37        29        38        29
        39        30        31        38        40        36        34        36
        30        33        41        49        33        35        32        41
        38        33        47        40        39        33        36        38
        33        38        36        40        34        41        33        38
        40        37        37        34        38        30        41        35
        38        39        39        39        39        37        38        35
        33        38        36        43        37        42        39        29
        37        32        38        32        32        31        31        33
        42        39        37        30        45        32        35        39
        33        40        45        34        38        37        38        38
        37        33        29        43        35        28        35        37
        44        40        40        28        42        38        39        32
        41        34        38        32        43        40        44        36
        40        29        28        41        38        39        33        33
        36        36        32        36        42        36        39        33
        34        33        38        41        35        47        31        29
        41        31        31        44        47        32        36        34
        39        33        37        41        32        39        44        37
        39        46        39        40        45        41        40        37
        39        34        37        35        41        40        34        40
        41        44        37        31        43        49        35        31
        39        40        34        39        37        30        42        30
        38        46        36        39        35        38        42        32
        37        38        34        32        44        39        44        35
        40        36        37        34        39        38        44        36
        27        33        35        40        44        37        31        37
        37        37        42        41        32        39        39        35
        32        31        31        41        40        36        37        35
        38        32        37        31        39        42        27        41
        42        32        42        34        31        32        38        34
        39        44        40        40        36        38        41        38
        38        36        34        36        35        37        40        40
        37        32        37        34        38        33        32        31
        38        34        36        39        43        40        41        38
        34        36        40        47        41        32        37        37
        51        36        33        34        30        35        40        37
        41        30        43        38        40        48        40        37
        36        38        41        39        41        34        42        35
        39        38        35        33        39        34        43        28
        35        36        47        37        46        41        37        36
        28        35        42        41        45        32        37        34
        38        40        39        39        36        37        47        35
        31        41        49        43        34        40        41        43
        30        35        34        37        43        44        39        42
        43        37        31        37        34        42        40        42
        43        37        37        28        31        36        40        40
        36        43        36        42        45        34        32        32
        36        38        38        34        40        34        33        33
        38        36        37        36        40        44        37        47
        33        41        43        47        38        41        39        33
        36        35        34        35        32        44        42        41
        42        37        42        39        35        32        41        50
        35        34        40        31        37        33        28        40
        36        39        33        39        40        37        42        42
        32        33        29        35        35        31        32        34
        41        42        35        44        37        34        46        42
        34        40        37        43        35        40        43        48
        40        39        37        33        33        39        43        34
        46        34        44        42        34        39        28        39
        30        38        40        35        38        36        41        29
        38        40        37        35        41        37        47        37
        36        36        47        34        35        41        41        36
        37        42        44        34        35        35        39        34
        33        41        34        36        47        44        36        31
        34        37        29        36        40        31        35        39
        36        37        34        40        43        39        38        34
        43        33        41        34        42        36        43        38
        35        37        36        39        36        40        36        38
        35        46        38        41        35        39        48        48
        39        32        39        31        35        32        33        29
        39        39        46        38        30        36        42        42
        36        35        42        39        41        44        37        37
        35        40        36        35        40        41        37        32
        41        38        38        30        37        37        37        38
        44        35        33        37        36        45        48        39
        36        39        41        43        49        42        40        37
        35        35        32        37        42        37        41        46
        36        32        34        31        33        42        32        38
        31        39        42        44        44        33        36        34
        43        41        35        39        38        35        38        37
        43        40        43        45        42        35        33        39
        33        44        31        38        35        36        33        45
        37        35        39        36        38        41        38        32
        42        43        34        39        32        33        33        34
        41        31        43        34        33        37        41        36
        36        37        39        40        36        43        35        50
        36        35        35        33        35        47        34        43
        36        37        40        37        46        38        41        46
        37        36        41        34        37        46        30        31
        36        34        49        42        41        33        30        47
        34        39        38        43        34        30        38        35
        34        47        37        36        36        35        42        38
        37        41        37        38        34        37        39        42
        36        40        31        44        45        40        34        41
        44        29        42        42        41        31        31        31
        33        38        44        41        35        38        41        42
        42        32        35        41        40        37        35        38
        36        33        42        33        50        38        40        27
        39        37        40        42        37        36        29        45
        33        40        38        38        38        38        41        30
        41        41        40        41        32        42        34        36
        39        30        31        51        35        43        42        34
        33        38        46        38        31        37        30        31
        36        36        31        38        30        44        36        46
        39        41        39        33        43        43        33        42
        27        38        38        33        35        41        28        35
        43        47        36        42        29        30        35        34
        37        36        38        39        32        38        33        34
        35        37        28        39        46        35        31        46
        40        42        35        42        34        46        37        34
        32        31        34        30        38        43        37        40
        35        40        31        37        44        44        37        33
        28        36        36        37        29        37        41        36
        31        38        33        36        34        38        40        32
        34        42        40        42        47        35        37        37
        40        31        46        36        35        40        32        33
        30        39        43        36        37        38        47        32
        37        47        39        39        39        40        47        34
        34        41        35        36        38        44        42        30
        41        40        39        39        46        38        36        33
        36        32        43        46        46        41        40        39
        38        36        39        39        30        38        41        36
        41        37        44        39        42        41        37        37
        40        44        40        38        33        31        32        28
        37        37        36        32        46        37        37        35
        36        40        41        41        40        35        33        33
        34        42        38        37        30        36        33        46
        42        38        33        38        36        42        40        38
        42        43        34        37        42        38        33        40
        36        35        43        36        41        43        43        33
        34        38        50        36        40        32        31        37
        38        35        34        41        32        35        38        42
        43        39        36        40        38        36        40        28
        36        34        38        33        36        35        37        38
        37        43        37        35        37        33        32        34
        37        37        38        33        40        42        29        36
        40        36        32        31        39        35        31        34
        35        41        32        41        41        36        45        35
        40        32        32        34        34        37        38        50
        32        43        36        30        39        39        37        32
        41        34        45        40        42        35        44        40
        33        41        38        31        37        39        39        30
        37        41        38        39        43        39        41        35
        33        30        33        40        39        34        33        41
        32        38        37        38        38        45        33        38
        39        39        48        32        30        42        32        29
        32        34        42        39        45        43        41        33
        45        41        37        30        34        35        41        38
        33        35        45        31        38        37        38        38
        34        33        34        42        35        40        37        37
        39        45        32        34        44        44        41        41
        33        35        34        37        43        35        40        41
        45        46        38        30        31        35        33        30
        37        45        38        33        34        37        29        38
        43        32        39        39        42        33        35        37
        36        40        47        43        32        38        43        38
        36        35        42        38        37        41        41        33
        39        30        43        37        43        30        34        44
        41        36        42        34        38        39        39        43
        34        35        42        38        32        41        36        39
        29        39        37        35        36        46        33        37
        32        39        36        41        35        36        36        39
        42        39        34        43        40        39        37        49
        36        36        38        39        44        36        36        43
        36        38        38        37        37        33        40        40
        31        50        37        33        33        38        40        36
        43        34        30        42        30        37        35        38
        42        32        40        35        33        44        37        34
        28        33        32        31        35        42        40        40
        33        35        44        38        40        42        39        37
        37        31        44        32        41        38        29        35
        33        31        37        45        46        34        35        42
        33        37        31        37        36        39        35        36
        34        44        45        43        37        49        36        45
        30        41        35        43        37        34        34        42
        37        36        43        36        37        45        32        38
        41        41        35        46        33        40        48        39
        41        39        41        33        43        32        41        34
        36        38        41        40        35        41        35        47
        34        30        43        38        38        39        35        36
        35        37        29        35        39        34        37        41
        40        34        34        34        39        33        26        36
        37        37        37        39        36        30        37        37
        38        34        52        43        30        43        38        40
        38        36        29        40        38        39        43        26
        39        45        32        32        37        37        38        41
        30        38        33        32        38        38        35        39
        37        42        34        37        33        36        31        37
        32        35        35        38        27        39        31        36
        41        48        41        39        31        42        47        35
        45        32        34        40        37        37        37        32
        35        31        35        37        39        44        34        42
        40        39        42        36        36        30        37        31
        38        39        40        42        42        44        32        40
        28        30        34        38        38        36        36        43
        34        44        36        44        30        42        34        33
        37        37        39        38        44        36        35        29
        34        38        43        38        38        33        28        33
        38        34        42        39        39        39        35        37
        35        41        27        42        34        43        49        36
        36        42        29        34        30        34        33        36
        37        37        35        33        38        41        40        37
        36        35        34        41        40        38        35        36
        34        39        32        43        36        34        46        33
        31        33        35        40        34        42        36        36
        32        46        31        47        37        37        47        34
        30        47        39        34        37        37        37        36
        38        36        42        35        33        47        47        41
        36        42        41        33        33        38        38        32
        37        42        27        35        35        43        43        41
        40        36        40        39        42        35        36        34
        43        39        39        32        45        37        37        37
        47        43        43        42        36        34        42        31
        38        42        40        40        35        46        40        41
        33        38        42        34        39        38        46        34
        37        37        37        44        40        39        43        36
        33        44        33        33        39        42        37        51
        31        42        37        39        35        39        37        44
        39        34        25        45        33        43        37        44
        44        37        38        39        38        39        36        37
        37        31        40        46        39        42        44        33
        30        41        37        41        34        46        41        46
        43        35        34        28        30        39        37        45
        29        40        38        37        29        33        29        34
        40        36        43        37        41        38        28        33
        41        32        40        39        40        42        41        38
        42        36        37        38        30        39        38        44
        33        45        30        32        38        38        37        38
        36        44        34        41        35        37        44        43
        42        46        26        39        28        44        31        46
        39        33        48        35        37        35        43        42
        35        32        46        44        40        35        44        42
        33        44        40        41        30        43        38        38
        41        37        46        39        33        33        30        36
        38        34        42        35        39        39        35        32
        38        37        38        36        41        33        46        37
        31        45        32        37        44        48        49        35
        33        41        33        33        37        38        34        36
        34        37        39        33        42        40        40        34
        34        32        42        25        44        36        43        35
        40        47        32        38        44        40        31        32
        43        44        40        36        28        35        40        37
        28        42        36        41        36        38        45        38
        36        36        36        38        51        36        34        37
        34        29        31        41        42        36        39        30
        32        34        39        41        37        41        34        38
        41        43        41        41        40        41        39        51
        42        49        33        40        37        28        34        37
        37        51        36        41        47        38        39        35
        32        40        47        37        41        34        40        39
        47        42        43        33        34        44        45        31
        37        37        41        42        32        39        42        30
        37        34        36        38        43        38        38        35
        39        34        40        31        32        37        38        41
        36        36        35        47        35        34        41        44
        31        36        46        40        39        41        31        36
        32        32        37        36        31        35        34        39
        34        35        36        44        39        34        29        34
        40        35        38        30        35        32        35        36
        40        40        33        36        40        33        39        40
        39        45        40        37        38        36        40        37
        34        39        39        35        32        36        42        41
        38        35        36        41        41        47        39        39
        36        39        33        37        33        40        45        35
        33        40        41        37        36        47        45        39
        46        41        36        41        39        40        32        39
        42        35        42        35        34        27        35        36
        41        38        42        37        39        37        37        39
        40        42        40        42        42        34        38        36
        37        35        33        33        41        40        46        35
        37        34        37        34        33        44        32        45
        47        41        38        37        41        38        37        36
        28        39        41        36        38        46        38        38
        37        39        33        34        44        34        39        38
        36        24        31        43        35        34        39        38
        40        43        34        36        38        43        41        35
        44        38        35        43        42        43        39        38
        37        37        50        35        32        33        40        42
        41        38        34        37        39        33        40        36
        41        37        37        46        38        35        31        29
        42        37        36        37        39        35        35        33
        43        43        42        46        32        33        39        37
        44        33        40        41        39        48        43        35
        41        36        40        38        37        33        36        45
        41        29        30        40        38        34        45        45
        34        40        41        48        26        38        39        32
        43        43        35        34        38        36        33        47
        45        40        35        37        33        38        40        34
        32        33        39        33        40        39        47        34
        30        38        32        42        41        40        38        47
        37        40        45        47        39        37        36        39
        43        44        27        41        36        42        42        34
        38        36        37        35        41        45        35        35
        28        35        36        32        31        36        41        39
        32        35        39        39        36        37        35        40
        41        34        36        34        35        40        43        43
        34        33        39        38        36        42        39        41
        35        43        35        33        35        44        35        35
        48        45        54        40        36        39        38        40
        43        36        37        37        35        33        40        43
        36        33        33        41        37        38        40        41
        49        41        37        37        35        38        34        37
        41        47        34        41        31        30        39        46
        37        45        48        36        43        37        37        35
        39        48        36        42        33        38        34        48
        39        32        35        40        36        36        46        30
        44        44        37        43        40        29        38        36
        42        43        29        37        39        42        36        27
        31        35        38        36        37        32        43        41
        42        39        40        34        34        35        37        38
        34        35        41        35        39        35        43        34
        42        29        46        49        40        34        36        41
        43        40        32        38        42        37        38        42
        44        43        40        34        43        40        43        32
        44        34        34        35        34        41        41        33
        33        38        40        32        35        37        44        40
        35        39        30        36        35        37        35        44
        43        39        31        35        40        33        40        43
        36        29        35        36        33        38        37        39
        37        35        44        34        29        35        36        40
        36        34        44        35        40        39        39        33
        32        40        37        31        36        36        34        28
        32        33        39        48        37        42        49        39
        32        35        34        36        35        34        41        38
        38        40        40        41        35        42        37        36
        33        33        46        49        37        35        37        42
        38        32        42        38        48        36        38        36
        38        41        44        43        43        42        45        34
        32        44        39        48        37        43        35        38
        39        33        42        38        42        42        39        36
        38        38        31        52        37        42        32        38
        35        36        33        32        33        43        30        33
        44        30        38        41        47        32        34        36
        42        41        39        34        35        36        39        34
        30        44        32        32        48        42        43        38
        33        45        36        38        37        38        34        45
        40        44        35        40        42        39        29        46
        32        39        32        43        39        36        30        40
        40        43        35        36        39        40        33        38
        38        32        43        35        28        35        39        33
        42        36        34        34        36        41        31        38
        44        41        38        33        34        33        44        37
        33        38        40        31        38        32        43        42
        37        41        41        40        35        33        35        41
        32        42        39        32        42        38        39        36
        50        36        39        44        38        33        37        38
        46        39        33        42        43        42        33        34
        41        43        40        35        35        37        37        38
        33        37        36        42        48        39        32        38
        42        45        40        34        40        44        40        38
        51        38        40        42        38        45        36        35
        40        40        39        35        39        35        41        49
        29        38        37        42        38        41        34        34
        45        38        42        39        34        35        39        36
        37        37        41        34        35        37        41        38
        46        40        49        36        42        35        38        42
        39        33        27        36        40        42        34        41
        36        40        39        29        38        33        35        39
        33        42        44        39        32        47        39        43
        31        43        36        45        31        40        40        31
        38        43        41        38        42        31        35        40
        41        42        41        39        42        36        47        39
        34        33        36        43        38        35        35        31
        33        32        33        37        31        40        37        41
        43        39        44        38        38        30        34        27
        35        38        34        32        31        38        39        32
        37        44        40        43        37        33        33        39
        33        38        34        35        36        36        44        40
        36        37        32        30        37        35        42        34
        43        42        34        34        37        36        30        38
        38        35        41        32        44        40        40        38
        35        36        33        36        41        30        32        43
        33        31        34        35        37        45        34        35
        35        32        39        41        35        40        40        44
        34        34        35        42        38        36        28        44
        34        35        37        33        34        35        29        34
        33        36        40        42        34        38        35        43
        41        35        35        34        34        43        41        42
        42        41        27        34        49        42        41        33
        37        38        40        35        39        38        34        36
        37        40        44        37        38        34        30        44
        40        37        33        44        36        27        34        38
        38        38        43        37        40        31        42        31
        39        48        42        36        37        41        29        36
        37        33        36        34        38        36        39        39
        41        39        45        39        31        46        33        31
        38        35        34        41        40        45        37        41
        42        30        36        42        30        43        39        42
        46        43        46        34        36        40        40        32
        31        37        39        35        34        41        26        39
        35        40        42        40        36        45        37        36
        37        39        44        38        37        39        36        38
        39        28        43        39        38        35        35        39
        46        46        38        34        41        31        35        39
        32        35        37        47        40        30        37        43
        37        35        37        37        36        38        34        40
        40        35        44        32        28        37        35        38
        41        43        39        28        37        34        36        39
        31        42        33        40        33        33        42        41
        40        37        39        40        35        39        39        37
        37        42        37        33        36        43        39        32
        44        37        31        43        41        36        40        38
        44        38        29        45        36        32        35        34
        40        40        37        41        38        40        37        41
        47        49        36        37        35        38        38        40
        40        38        32        30        40        38        34        38
        34        34        29        39        37        32        31        38
        34        36        38        41        38        32        44        34
        42        38        38        33        32        39        35        38
        37        35        37        42        36        27        32        34
        32        43        37        43        41        34        41        37
        41        36        34        40        38        32        32        42
        32        31        37        33        28        44        39        38
        38        31        34        43        41        39        44        36
        34        38        41        37        41        33        38        35
        38        41