MCF_A
0.02496
2
0.3
       224
       229       222       252       238       220       218       244       229
       246       232       224       238       247       262       237       278
       253       243       266       249       243       244       243       240
       251       232       267       237       282       261       263       262
       249       267       250       246       253       216       268       274
       251       206       238       230       223       223       249       234
       244       226       218       234       248       227       239       236
       271       244       231       220       211       194       223       230
       242       217       240       229       213       216       242       229
       221       216       266       223       259       251       225       250
       228       223       255       243       210       226       253       254
       261       244       201       240       243       257       230       246
       247       225       240       239       234       256       235       248
       243       222       244       237       254       233       259       273
       254       234       250       246       223       245       246       293
       239       267       231       263       224       234       262       239
       235       262       292       271       247       266       231       237
       257       242       253       243       233       232       258       244
       269       240       280       252       253       249       255       253
       253       264       270       252       259       269       203       244
       239       248       219       291       271       274       251       285
       255       283       314       283       317       349       375       401
       445       519       563       614       702       769       886       957
      1055      1131      1241      1327      1457      1613      1810      2099
      2493      3145      4108      5674      7752     10931     15629     22243
     31703     43847     60139     80653    104592    132643    163601    196278
    228330    259691    287465    310134    326607    337853    339323    338157
    330611    318160    301883    284711    264932    246097    225790    207475
    189094    172994    157104    142281    130095    118097    107541     97815
     88845     80991     74230     67628     62041     57301     52368     47937
     44061     40417     37609     34528     31636     29638     27227     25651
     24092     22104     20480     19274     18065     16853     15685     14529
     13582     13015     12097     11243     10746     10076      9603      9072
      8426      7954      7603      7038      6693      6380      5969      5690
      5505      5253      5023      4668      4524      4340      4128      3874
      3633      3527      3299      3260      3124      3000      2872      2715
      2635      2470      2291      2390      2292      2271      2194      1943
      1889      1922      1804      1714      1782      1700      1616      1524
      1500      1415      1453      1340      1380      1366      1288      1241
      1185      1144      1201      1165      1094      1137      1055      1074
      1025      1010      1036       977       954       959       969       861
       920       908       859       865       873       815       804       778
       816       801       734       753       822       765       775       764
       771       736       808       723       704       719       721       711
       721       693       667       706       663       717       688       666
       659       665       663       654       637       634       608       695
       629       626       616       594       641       607       639       601
       629       635       627       622       603       662       632       602
       609       541       573       627       564       565       577       603
       581       578       535       564       603       548       540       563
       555       589       551       603       528       539       572       517
       531       539       584       554       556       521       523       547
       528       507       499       549       510       501       509       513
       533       497       511       456       504       462       535       469
       453       524       501       514       498       489       475       516
       478       525       548       524       486       460       500       478
       481       474       457       532       526       446       512       464
       450       477       462       461       452       491       495       524
       484       496       463       489       468       475       443       459
       435       460       444       488       476       475       459       455
       454       436       503       433       405       412       434       443
       439       388       454       426       476       441       445       434
       469       468       445       459       438       435       400       452
       430       426       443       442       406       414       422       455
       442       401       391       405       407       422       426       424
       403       410       441       433       419       422       415       452
       403       383       429       364       412       433       396       397
       400       428       389       408       410       404       433       428
       382       392       390       424       409       435       406       383
       392       381       393       396       402       416       421       401
       381       405       410       402       442       402       425       418
       428       423       418       392       447       428       380       420
       379       442       409       402       380       421       423       419
       409       405       408       408       407       351       406       392
       384       366       359       379       370       393       408       381
       404       399       395       404       380       391       360       418
       350       360       382       407       376       415       370       406
       403       377       417       418       376       399       406       367
       375       389       380       363       377       391       363       412
       375       386       334       398       384       372       392       389
       368       394       367       378       397       383       389       397
       385       378       403       369       379       359       405       356
       387       406       403       370       405       397       374       418
       366       404       361       379       339       372       386       373
       389       386       367       395       373       377       412       371
       389       369       397       387       393       362       367       368
       372       360       374       368       363       361       355       352
       380       380       390       391       341       391       370       396
       370       388       374       386       349       379       382       341
       384       372       368       376       389       400       374       378
       408       389       349       377       389       352       376       388
       337       387       377       363       362       365       384       377
       344       351       332       380       376       327       393       371
       372       375       362       323       357       340       365       312
       335       338       377       420       362       354       377       379
       370       373       368       367       332       390       389       320
       369       348       354       388       390       366       371       332
       367       357       392       357       392       336       362       363
       384       359       368       351       337       357       379       363
       361       360       347       330       342       343       364       366
       340       379       384       392       321       347       354       371
       365       369       352       332       359       359       337       344
       368       318       377       409       351       404       367       352
       366       389       387       397       375       356       393       333
       366       368       369       337       359       372       348       369
       379       397       381       362       358       355       350       328
       328       343       355       330       356       361       338       329
       356       339       342       342       349       360       339       356
       353       329       353       364       325       350       331       342
       339       385       355       340       375       344       368       330
       364       342       333       352       369       366       359       352
       349       345       309       359       373       380       357       359
       371       347       378       344       367       360       334       359
       362       356       356       336       334       336       360       361
       363       367       337       331       381       358       362       337
       370       350       322       323       335       362       331       354
       353       350       352       326       337       316       364       352
       351       346       339       379       325       335       324       402
       345       344       350       364       381       364       348       345
       352       337       354       362       359       340       334       370
       322       342       337       372       363       330       363       336
       364       341       348       365       341       340       328       347
       334       359       346       381       337       331       334       366
       356       316       372       383       368       341       332       351
       337       311       339       353       345       341       350       304
       353       366       338       347       347       332       330       338
       333       379       364       368       348       344       397       328
       342       326       363       360       342       372       359       329
       338       388       332       361       326       340       356       332
       357       343       379       349       336       357       355       366
       374       344       323       374       359       341       327       321
       345       320       360       310       348       372       346       341
       333       307       350       348       332       359       342       351
       352       329       347       329       354       362       375       308
       359       342       379       318       337       322       340       366
       356       380       352       338       327       408       352       373
       337       318       352       328       332       359       333       345
       366       325       348       341       322       318       334       338
       322       376       312       399       368       325       339       317
       334       315       373       312       347       314       331       348
       334       325       308       363       334       354       303       323
       323       325       320       311       338       356       304       362
       336       328       303       337       362       369       320       383
       339       387       345       308       373       315       336       367
       364       379       346       379       375       362       349       340
       325       358       326       358       351       349       313       359
       310       321       344       316       361       339       332       333
       311       320       317       295       309       316       339       296
       349       353       305       339       332       331       321       350
       308       326       335       315       335       340       357       348
       342       379       319       363       360       338       336       397
       348       372       375       377       341       352       302       353
       360       343       358       326       380       334       331       345
       331       312       349       336       328       339       354       337
       359       332       345       366       317       311       336       364
       320       334       325       332       365       357       356       338
       313       315       338       345       346       339       348       335
       322       323       334       345       338       326       348       345
       333       307       342       352       308       322       310       325
       308       371       331       327       306       315       323       340
       331       341       325       336       331       322       333       302
       331       310       321       344       329       337       325       349
       322       322       327       325       343       338       311       341
       326       336       356       349       341       337       321       334
       330       344       328       304       320       339       341       320
       350       334       350       340       340       339       334       329
       359       358       352       302       327       350       337       364
       327       312       306       279       268       270       371       353
       355       343       341       326       336       292       347       313
       347       316       330       336       336       319       307       327
       339       300       322       332       325       337       331       315
       317       316       314       324       310       335       311       328
       346       326       320       296       325       327       313       294
       345       284       323       328       306       326       365       330
       313       330       327       329       309       308       315       278
       314       293       318       321       325       303       324       328
       320       305       342       315       345       315       312       321
       302       323       346       327       307       347       291       332
       317       315       325       330       332       330       321       335
       337       310       308       306       325       318       313       312
       332       307       354       316       311       344       310       329
       318       315       321       309       325       319       342       294
       318       306       320       317       309       335       327       348
       328       320       308       331       310       321       313       341
       338       342       319       317       290       298       323       316
       360       321       314       341       303       305       307       322
       328       342       325       323       310       297       323       315
       341       309       326       295       331       325       306       330
       314       356       313       327       328       358       332       310
       356       293       308       322       319       324       329       310
       337       332       329       315       309       349       310       324
       351       287       328       335       333       321       329       313
       312       317       340       303       354       317       308       332
       308       306       313       310       317       283       329       307
       290       292       340       312       341       302       310       314
       306       317       302       318       324       316       326       335
       311       333       303       322       283       327       319       300
       301       359       321       323       312       315       338       344
       317       309       294       278       313       314       320       331
       291       320       327       317       333       317       337       310
       300       320       316       305       340       319       330       310
       317       322       306       321       329       321       311       317
       320       311       315       285       330       316       315       329
       334       311       298       341       334       324       289       299
       296       335       325       313       335       325       322       290
       313       336       330       300       323       347       321       312
       310       307       284       307       294       311       312       326
       307       312       318       312       281       285       317       354
       334       332       321       333       336       320       294       298
       330       333       322       326       294       314       302       327
       312       305       319       312       332       322       287       325
       344       307       314       315       340       318       322       302
       299       310       311       325       327       321       309       315
       326       331       284       322       314       336       304       321
       342       321       322       304       292       302       335       323
       308       316       284       319       326       334       307       314
       309       331       324       329       314       322       310       312
       306       308       319       306       291       327       327       313
       300       314       307       317       310       333       319       339
       296       298       315       321       329       317       322       332
       291       330       298       304       303       329       327       313
       295       302       313       317       312       314       332       291
       307       299       297       316       299       303       312       302
       323       300       320       302       290       303       325       316
       305       286       333       277       321       318       305       330
       316       316       309       295       281       294       337       323
       319       326       307       309       347       306       327       304
       309       295       317       309       326       330       302       314
       295       311       300       314       314       303       319       294
       303       332       313       299       319       341       329       330
       311       316       321       318       345       338       339       305
       293       305       309       304       308       292       322       304
       315       314       318       314       309       299       312       328
       294       326       333       331       305       350       328       296
       322       336       292       281       308       303       316       313
       336       317       326       325       311       295       314       328
       327       320       294       324       322       294       348       330
       313       305       296       310       328       300       292       316
       298       305       322       322       320       326       312       320
       282       320       304       317       324       302       297       321
       307       302       342       318       311       323       298       337
       324       318       316       312       321       291       311       313
       314       299       315       290       283       324       331       292
       294       293       322       323       304       314       320       319
       304       323       299       321       317       331       292       335
       294       306       326       312       289       337       301       307
       298       316       304       332       339       328       320       328
       303       327       308       318       298       312       289       288
       299       318       308       292       289       315       311       328
       316       340       306       304       288       336       315       284
       303       311       318       306       331       307       342       314
       295       309       288       295       317       320       313       335
       333       320       321       320       340       330       288       293
       306       298       322       331       293       305       295       327
       294       296       292       304       327       319       338       316
       316       316       291       313       320       336       308       304
       301       297       315       308       279       317       305       316
       328       299       305       310       295       292       332       324
       306       318       293       310       299       314       305       314
       320       313       292       318       277       318       324       308
       298       307       319       326       323       325       315       298
       317       325       312       304       316       301       326       307
       307       306       291       308       308       297       303       321
       324       298       307       310       298       298       320       284
       305       292       324       356       310       274       306       308
       299       344       328       326       311       304       296       309
       341       309       310       301       287       291       331       311
       300       289       310       320       312       313       309       322
       341       328       297       301       323       318       322       317
       335       296       311       300       298       347       322       323
       318       321       313       319       307       328       299       300
       297       313       298       307       300       296       291       312
       308       297       316       301       313       295       326       303
       320       331       323       304       312       315       326       314
       291       335       322       300       311       304       320       311
       293       302       283       314       306       318       302       311
       306       315       326       310       325       295       287       287
       322       305       307       315       321       309       321       308
       309       292       317       327       318       281       307       315
       289       317       305       310       302       320       286       318
       305       330       317       309       296       312       323       282
       300       289       282       287       307       321       323       290
       302       299       312       296       335       321       314       294
       312       292       323       310       293       313       286       314
       326       339       292       310       308       302       291       340
       302       327       309       328       293       306       312       303
       275       307       323       287       276       304       302       290
       313       292       309       318       293       311       291       332
       299       282       311       325       291       287       299       306
       295       311       302       257       298       306       323       334
       318       299       317       302       297       285       280       294
       296       309       296       320       313       321       258       300
       300       293       283       311       291       294       280       286
       310       302       308       312       293       306       293       323
       319       300       319       299       296       304       318       316
       304       318       313       308       307       288       311       308
       316       309       305       303       308       310       318       306
       305       310       309       299       322       315       279       307
       306       313       297       324       312       322       279       316
       321       308       319       310       290       321       316       280
       297       295       315       316       302       310       303       306
       284       288       292       282       289       299       311       311
       308       272       308       309       295       302       292       305
       291       289       298       303       286       304       318       285
       266       313       288       325       300       299       288       301
       303       301       279       285       286       304       289       317
       298       284       309       314       281       318       281       289
       312       300       311       291       293       314       287       307
       316       313       299       314       295       279       296       294
       296       300       299       291       303       289       297       306
       289       308       317       314       321       274       323       293
       265       328       298       298       300       307       303       321
       323       295       289       303       299       303       297       324
       319       281       325       319       291       316       320       285
       307       294       269       314       289       310       288       293
       298       300       324       304       287       294       301       303
       294       319       307       303       294       293       276       307
       321       298       282       320       299       320       317       281
       291       296       300       299       309       316       312       303
       297       319       314       303       276       307       280       282
       314       308       327       313       303       311       292       299
       320       308       286       284       296       310       301       290
       308       308       291       298       310       296       297       268
       289       306       313       292       297       293       319       288
       306       287       318       288       281       295       292       317
       261       275       298       294       305       285       309       303
       311       301       300       285       306       312       296       298
       292       311       319       313       289       299       308       300
       282       302       292       294       306       287       315       324
       280       303       302       297       305       294       289       289
       285       306       322       306       297       290       298       316
       310       333       294       302       306       335       283       294
       271       313       322       306       296       289       311       304
       303       300       301       285       297       297       298       287
       294       302       278       299       293       308       297       305
       289       293       312       285       297       286       285       283
       306       296       292       308       278       301       299       306
       287       302       301       295       290       316       324       308
       293       308       317       314       293       298       279       309
       305       297       278       288       288       305       299       320
       296       268       299       302       282       304       308       300
       287       294       295       285       289       282       303       320
       298       308       295       294       304       284       301       309
       277       309       316       307       331       292       315       272
       284       276       288       313       329       292       275       300
       317       319       298       290       316       304       304       319
       307       297       295       307       288       304       293       297
       305       315       303       317       283       276       307       305
       281       300       314       271       315       282       274       305
       295       285       304       303       313       306       312       287
       320       296       296       305       304       294       316       285
       314       291       287       309       292       300       286       314
       293       312       274       300       307       318       289       325
       299       291       288       307       292       299       302       299
       293       285       318       311       288       299       303       273
       282       302       283       299       291       299       312       292
       284       280       303       286       297       292       271       286
       284       303       301       265       304       275       288       300
       305       298       301       281       304       313       295       319
       307       313       321       290       296       305       280       276
       308       300       318       298       280       293       292       301
       276       301       296       269       309       294       273       287
       291       281       311       318       302       300       272       287
       294       297       302       277       294       288       292       289
       304       303       282       311       297       298       271       315
       282       299       325       301       331       284       288       308
       294       279       315       311       269       288       324       286
       301       305       307       296       279       282       289       267
       319       280       289       314       281       266       275       305
       291       289       326       295       302       297       299       267
       319       297       292       285       304       300       287       287
       303       305       306       279       269       299       307       315
       295       296       288       282       307       290       274       312
       291       294       315       300       296       307       292       285
       284       283       322       283       307       289       274       283
       315       302       287       292       291       313       315       273
       316       298       299       312       306       307       284       274
       299       290       312       293       289       301       276       299
       300       322       287       300       273       290       289       281
       269       291       298       309       314       303       277       288
       285       301       325       287       277       296       285       302
       279       290       311       306       308       297       294       299
       278       307       299       275       289       312       275       291
       289       288       278       292       314       298       314       293
       298       331       309       297       288       291       275       282
       285       277       272       266       292       297       285       291
       297       293       299       285       299       277       298       311
       298       301       297       293       306       298       295       295
       284       302       272       299       284       293       309       296
       315       280       287       278       283       301       300       276
       280       285       292       293       303       287       294       259
       305       286       288       276       329       304       292       298
       301       303       302       288       317       291       279       292
       303       317       290       304       256       296       298       290
       285       287       297       294       300       272       303       284
       302       301       295       270       312       303       294       317
       299       276       297       274       289       280       293       288
       283       282       297       303       301       291       269       295
       264       284       285       283       304       285       304       306
       298       275       299       295       292       292       275       298
       284       286       289       298       316       276       311       307
       306       300       301       287       285       288       285       303
       296       333       283       281       284       296       270       283
       291       268       299       263       280       316       298       271
       279       282       295       273       266       271       293       259
       275       322       288       270       311       286       286       286
       271       287       301       278       284       281       317       287
       294       326       279       299       267       292       289       273
       302       292       296       290       296       312       319       275
       288       278       277       285       294       308       301       283
       283       278       284       280       309       309       306       282
       309       287       292       292       317       294       278       288
       294       259       296       287       288       286       291       298
       284       291       332       300       284       298       311       290
       290       274       314       292       282       300       290       270
       286       293       276       287       282       261       292       303
       269       289       294       286       298       310       319       276
       297       273       267       306       292       264       307       267
       311       270       292       288       273       284       280       296
       292       301       300       288       306       284       297       282
       299       279       272       284       281       298       286       275
       294       291       270       292       283       286       272       273
       308       302       276       300       310       303       282       300
       306       276       270       272       296       281       301       286
       303       285       300       296       268       284       268       306
       272       298       293       292       276       272       281       248
       289       307       271       287       281       277       296       315
       269       275       303       266       296       318       264       316
       254       294       295       274       297       289       297       289
       277       272       297       305       290       316       275       314
       288       296       277       292       301       277       294       281
       277       274       285       289       290       292       309       288
       298       294       280       294       283       305       302       291
       285       281       281       298       270       286       286       274
       320       278       299       282       277       296       306       291
       271       274       301       270       290       269       281       297
       310       285       298       260       291       307       296       282
       314       304       279       276       302       279       302       300
       290       268       267       294       284       311       281       278
       295       306       307       274       283       277       293       302
       309       290       295       306       287       302       297       288
       267       293       299       272       290       289       273       298
       308       276       302       306       300       294       253       310
       311       298       294       284       290       284       284       293
       296       306       261       296       272       271       292       290
       283       304       293       271       296       267       261       286
       315       285       286       279       303       282       287       281
       274       298       281       262       283       306       282       290
       280       273       282       301       283       287       276       294
       274       286       288       267       274       288       296       296
       311       293       292       260       270       267       259       283
       289       290       304       291       297       285       301       268
       295       299       304       286       274       274       284       276
       282       298       278       290       290       267       279       298
       279       286       248       269       301       299       282       282
       305       272       304       317       280       299       302       284
       301       310       258       287       293       323       284       297
       291       299       283       314       257       303       277       272
       281       276       284       283       299       280       273       295
       279       276       261       290       293       299       280       283
       283       277       285       300       302       270       288       275
       289       269       312       290       281       304       282       286
       274       257       308       293       293       285       292       283
       309       273       284       285       272       299       284       289
       246       299       292       296       279       273       271       286
       300       288       289       270       299       297       286       272
       294       278       301       276       268       277       281       288
       294       294       291       287       319       289       290       272
       297       298       270       289       280       271       273       278
       282       274       276       309       270       278       280       274
       286       257       270       285       285       297       261       268
       296       283       308       293       263       267       271       271
       267       290       289       309       281       286       277       293
       279       275       277       287       274       280       284       304
       268       315       286       297       314       283       306       279
       272       281       297       268       270       292       277       266
       281       293       284       296       285       282       297       285
       285       284       291       317       254       295       276       268
       263       281       304       264       260       306       280       275
       284       292       290       302       285       262       321       300
       294       287       288       259       286       292       275       298
       286       295       277       317       304       300       272       298
       266       292       280       283       296       296       304       282
       284       257       306       281       301       270       275       286
       292       284       256       298       287       265       280       290
       268       287       279       276       278       282       289       282
       282       286       269       279       287       276       286       278
       293       288       284       308       281       274       314       284
       287       269       277       271       286       274       271       270
       291       296       260       267       279       286       298       293
       296       302       286       292       261       319       301       281
       283       275       276       271       279       272       281       287
       271       269       284       278       292       307       301       284
       272       306       265       272       283       296       292       265
       275       296       291       284       279       294       283       278
       274       275       280       307       267       300       282       272
       299       283       270       271       287       275       298       279
       283       284       280       286       294       279       290       285
       266       272       323       278       271       293       269       290
       278       271       292       274       259       300       314       309
       302       282       307       264       292       279       283       290
       282       278       286       312       280       267       282       272
       282       289       266       274       295       289       295       294
       293       287       276       274       287       278       271       292
       272       294       279       302       277       272       283       296
       267       267       261       284       275       260       296       288
       270       283       265       299       271       281       270       280
       290       272       276       295       276       266       272       275
       293       280       279       292       278       266       254       287
       282       276       291       296       266       283       307       303
       273       297       295       262       263       282       294       294
       300       293       281       294       279       285       268       318
       271       299       285       279       291       287       272       278
       284       279       277       306       298       292       280       271
       277       278       276       272       291       296       281       251
       279       298       288       266       300       272       274       294
       297       283       258       295       284       282       277       264
       279       298       270       303       283       291       292       270
       292       288       284       251       288       294       287       289
       311       280       283       288       266       263       287       258
       289       271       279       288       286       262       282       297
       257       281       269       283       281       283       283       284
       280       298       255       303       257       281       269       297
       273       275       261       262       295       282       273       263
       281       275       265       256       247       272       278       287
       304       297       307       297       295       274       262       295
       285       277       293       281       289       281       274       267
       280       270       255       254       273       266       268       265
       258       274       287       306       294       252       301       280
       295       267       272       281       282       305       314       290
       290       284       306       275       284       290       272       281
       289       278       297       274       288       284       269       301
       273       283       257       269       293       290       264       277
       255       277       265       269       277       287       286       279
       275       293       290       279       265       269       270       281
       267       273       277       273       261       287       288       296
       279       285       264       300       279       284       276       260
       289       279       252       281       276       285       292       270
       286       264       288       299       295       266       292       284
       269       272       287       269       289       250       283       287
       269       281       276       281       270       269       290       267
       266       252       275       268       280       266       273       293
       276       295       291       287       266       271       291       293
       277       261       281       242       271       293       279       267
       286       269       282       288       275       277       290       276
       279       251       264       295       270       288       283       262
       281       283       296       285       279       275       290       294
       291       264       276       261       274       295       272       290
       273       264       282       269       280       270       272       281
       261       288       269       272       271       276       288       270
       264       295       270       262       258       266       278       283
       253       276       283       304       278       274       271       271
       273       286       289       292       266       259       263       251
       261       289       275       289       267       291       259       292
       283       276       286       271       274       260       255       283
       286       281       264       285       273       297       257       260
       265       268       293       303       248       277       264       323
       288       271       287       277       275       272       260       275
       300       278       287       264       286       271       271       262
       279       280       276       280       276       266       273       268
       258       298       309       276       307       287       264       276
       265       277       282       282       281       255       289       290
       282       257       284       285       270       267       292       255
       293       290       283       269       277       276       299       244
       275       249       312       281       252       283       251       269
       282       281       266       278       275       293       268       280
       269       268       284       297       280       242       267       283
       284       275       288       266       292       262       247       282
       274       269       269       267       284       286       274       271
       252       266       283       282       252       263       256       288
       291       278       298       287       270       280       279       275
       262       280       265       265       268       279       267       282
       279       276       244       281       295       264       256       270
       291       264       265       255       270       269       274       247
       266       284       255       270       279       262       280       284
       285       268       280       271       269       253       303       278
       294       271       270       273       264       266       265       286
       300       284       273       266       289       282       286       274
       272       291       282       279       293       284       280       297
       281       292       271       275       295       285       301       275
       266       271       279       260       278       276       272       283
       263       270       278       256       279       293       262       278
       252       267       239       262       275       258       268       281
       290       260       266       260       296       300       271       256
       297       263       259       280       282       281       269       273
       269       255       268       279       256       266       266       268
       265       269       273       265       271       267       297       281
       292       270       282       256       283       277       256       287
       265       277       260       290       283       260       277       281
       273       291       276       287       286       268       274       284
       271       267       267       287       240       272       259       272
       264       269       269       284       264       271       275       285
       283       286       268       271       260       258       259       283
       266       294       271       274       288       278       278       272
       270       256       294       268       290       257       270       274
       280       296       271       245       270       261       246       291
       292       263       285       263       261       286       264       284
       246       258       302       308       269       281       289       275
       283       297       249       282       271       259       269       264
       286       272       274       247       274       264       269       284
       274       261       264       269       268       270       260       266
       262       283       277       282       275       255       264       249
       291       273       271       291       259       284       242       267
       273       281       268       285       269       304       276       259
       281       276       302       280       271       283       287       272
       293       266       269       279       298       274       257       271
       270       246       278       254       273       265       280       283
       263       269       261       280       249       274       284       253
       283       287       285       279       257       276       269       246
       287       265       256       275       299       292       239       266
       268       291       273       281       254       249       286       243
       285       254       264       275       271       276       267       267
       289       277       296       274       252       261       275       258
       273       271       261       298       277       307       260       231
       276       258       268       284       263       275       273       280
       250       278       251       269       274       292       278       280
       291       284       276       273       283       267       278       284
       253       272       265       275       280       275       289       264
       290       282       253       293       291       279       285       273
       286       259       283       258       277       269       267       261
       278       262       280       271       257       267       268       270
       290       283       266       265       247       262       278       284
       278       273       281       262       248       286       282       284
       266       269       276       277       284       261       251       245
       271       276       253       261       281       233       269       271
       271       281       259       260       283       292       276       283
       245       237       253       270       265       265       280       274
       276       239       306       271       265       287       281       263
       263       258       256       271       251       258       269       271
       262       281       266       278       280       259       286       248
       249       271       269       273       277       254       265       260
       255       271       275       250       269       272       262       259
       271       250       270       280       300       259       265       281
       268       265       259       282       266       298       262       253
       255       274       270       264       250       271       260       293
       259       251       282       263       267       288       263       259
       296       280       275       289       269       255       266       276
       253       276       269       280       263       272       282       249
       264       255       262       288       259       278       273       284
       259       248       265       274       291       291       286       274
       254       255       263       260       278       275       280       280
       250       290       265       308       260       268       263       272
       272       274       276       301       277       259       275       250
       261       258       289       268       277       254       260       256
       285       271       276       263       268       265       272       273
       291       270       287       248       257       266       241       297
       253       262       284       290       269       279       252       268
       243       263       254       256       271       251       258       271
       282       254       278       278       292       290       290       284
       282       270       287       270       257       247       269       258
       262       267       283       248       284       247       244       265
       278       279       252       258       263       280       263       288
       269       277       278       250       260       268       256       290
       284       270       293       247       269       244       290       259
       275       276       283       238       255       252       260       264
       258       261       283       269       253       240       236       259
       255       255       268       267       283       288       248       257
       275       269       283       281       252       273       280       276
       274       285       272       259       271       257       284       248
       259       262       280       266       276       279       273       259
       271       242       271       276       252       248       261       274
       272       252       274       273       286       245       278       288
       265       262       237       291       251       264       284       263
       262       259       257       247       276       251       264       264
       262       251       273       286       254       244       239       265
       265       267       270       239       289       295       283       262
       285       288       284       272       269       270       293       283
       252       280       285       277       276       284       262       266
       263       272       254       251       251       272       274       254
       260       266       282       285       266       279       290       258
       271       271       268       277       278       254       275       264
       276       295       274       246       279       263       267       271
       251       275       269       269       250       280       270       274
       286       279       261       275       268       279       285       279
       262       279       263       262       259       274       257       277
       273       264       279       256       264       282       290       265
       267       262       284       261       260       245       251       263
       266       278       288       261       281       258       279       294
       277       265       272       269       263       275       273       275
       254       271       262       285       259       256       252       252
       261       279       279       286       281       275       263       267
       267       285       251       280       242       274       254       251
       264       267       275       275       268       250       276       261
       266       258       267       273       288       259       282       278
       256       287       267       268       264       267       286       284
       282       249       256       284       282       260       273       248
       252       271       271       278       257       260       276       256
       257       276       265       264       279       273       263       263
       258       263       257       255       240       257       257       268
       267       263       273       253       250       245       290       264
       254       246       272       273       274       283       263       268
       263       258       272       266       282       233       264       277
       269       265       275       267       252       291       284       276
       290       261       268       259       245       258       272       262
       257       261       264       234       274       265       265       281
       279       255       270       262       271       271       285       262
       260       259       270       282       254       254       268       265
       257       252       284       247       265       251       287       256
       281       238       260       265       258       263       269       280
       249       272       257       272       263       280       264       251
       263       254       259       265       254       271       273       255
       253       265       254       274       270       248       261       262
       257       254       257       254       267       271       263       263
       273       270       276       257       281       269       259       254
       243       266       259       280       262       301       267       283
       268       256       282       268       275       251       254       263
       270       292       272       282       264       268       274       268
       250       282       295       265       258       269       271       244
       269       262       280       249       270       259       278       267
       280       297       257       263       269       263       267       251
       272       260       274       280       252       274       266       292
       268       263       267       264       269       280       263       267
       250       308       282       260       255       245       266       265
       263       250       258       279       246       238       249       250
       249       265       276       257       280       244       259       254
       268       249       255       264       268       252       281       264
       269       268       267       286       271       261       239       281
       262       255       258       270       250       272       269       257
       251       248       270       259       255       270       265       266
       272       285       278       279       264       285       245       245
       251       259       248       255       270       274       273       258
       267       253       250       264       259       269       275       277
       259       257       270       254       251       246       254       260
       272       266       244       283       259       242       252       283
       253       251       258       259       251       262       243       283
       247       273       254       272       248       247       257       269
       313       259       261       268       244       261       260       257
       275       258       265       263       275       265       272       246
       294       242       262       259       272       271       274       258
       245       280       265       269       285       276       255       249
       265       253       254       261       275       279       275       269
       270       256       262       265       259       246       263       250
       271       284       278       265       248       253       257       265
       262       267       271       280       253       276       258       261
       257       251       255       284       274       269       274       260
       264       263       268       266       282       253       275       271
       298       274       282       264       233       267       256       258
       251       279       263       258       244       255       291       271
       250       263       270       273       279       250       248       252
       260       259       273       277       239       253       238       281
       262       270       263       266       248       295       271       258
       271       263       243       266       271       273       248       263
       254       244       291       243       275       254       247       245
       287       255       261       272       255       251       283       267
       244       282       280       262       265       256       280       285
       265       256       285       290       262       264       245       287
       248       279       266       261       249       244       256       247
       258       282       264       241       276       242       257       265
       267       252       262       271       269       265       276       271
       270       283       262       265       281       278       253       268
       263       266       264       255       250       264       261       255
       256       250       255       266       284       247       262       273
       280       222       256       242       245       257       264       251
       280       281       246       270       282       270       260       239
       262       258       270       241       259       263       256       272
       268       270       278       256       273       264       266       252
       251       244       257       273       278       265       245       258
       272       283       269       266       254       254       261       280
       259       265       239       277       262       247       264       267
       270       260       262       264       254       251       262       278
       273       279       242       252       256       260       279       244
       265       269       254       270       255       251       281       275
       259       249       255       229       275       254       271       253
       260       269       272       245       264       265       268       251
       275       284       264       268       259       256       264       257
       263       268       273       268       252       247       275       270
       239       257       253       261       264       273       265       238
       248       269       269       257       249       266       270       267
       255       258       258       269       250       274       269       259
       263       258       259       269       252       271       254       275
       275       255       273       268       262       260       279       258
       261       273       240       251       265       268       263       263
       261       248       275       246       281       254       261       279
       275       273       258       257       228       261       253       249
       255       282       281       250       259       263       258       258
       284       268       260       251       279       274       252       260
       245       249       268       271       284       239       270       249
       251       245       270       272       255       247       244       244
       270       250       255       285       232       264       264       257
       276       252       263       241       252       271       253       269
       268       269       264       262       263       239       257       279
       257       259       254       255       258       259       260       269
       282       297       294       258       271       277       248       260
       265       259       262       259       264       259       272       268
       272       255       255       272       281       280       255       262
       248       255       286       294       276       280       270       259
       260       242       247       252       241       245       260       272
       251       265       253       238       259       266       266       263
       266       259       250       245       263       253       252       255
       253       262       268       267       245       256       242       258
       249       278       253       260       269       277       264       271
       248       260       278       276       260       253       243       258
       234       286       245       278       229       243       250       255
       260       247       246       264       244       258       263       259
       249       273       274       265       238       282       268       263
       259       255       273       271       245       275       265       271
       255       268       271       259       267       259       248       260
       255       236       290       283       264       257       279       271
       245       260       277       248       253       262       237       245
       260       265       230       281       254       265       268       264
       255       277       248       254       272       251       293       273
       249       284       263       265       252       249       259       227
       275       251       286       242       255       281       256       278
       248       273       261       271       253       258       260       259
       252       245       251       257       253       262       277       266
       257       258       260       259       260       259       266       245
       278       242       253       256       241       247       271       290
       255       281       260       269       259       272       244       276
       279       249       249       264       251       283       268       255
       269       260       284       260       252       276       266       253
       251       260       256       244       241       248       265       226
       252       244       257       267       257       263       277       233
       257       245       254       248       264       278       269       250
       283       250       250       244       254       279       259       247
       257       273       279       227       255       250       237       275
       262       272       257       260       255       272       270       258
       244       270       252       258       263       257       264       258
       259       255       274       265       279       239       263       257
       270       257       272       248       284       275       259       295
       276       267       259       243       247       233       242       253
       281       258       253       256       264       259       262       271
       270       240       266       237       252       264       282       255
       249       262       286       260       253       254       241       279
       267       258       264       259       246       264       253       256
       267       247       256       239       255       271       260       253
       250       273       258       245       255       273       273       270
       261       261       248       258       278       261       246       250
       257       244       270       269       225       236       267       275
       238       254       244       239       273       270       265       252
       269       263       242       252       269       253       273       259
       247       244       261       244       269       274       249       286
       259       241       259       239       255       277       277       273
       249       278       269       253       255       263       263       233
       247       247       254       270       241       281       287       239
       256       267       252       263       275       256       258       253
       261       266       270       258       246       254       258       265
       273       253       273       249       271       264       266       248
       251       256       285       259       268       252       232       257
       285       266       247       264       274       256       276       264
       224       264       264       261       244       268       248       265
       248       261       254       258       282       244       263       256
       266       250       260       275       237       283       263       246
       244       273       258       257       249       238       252       277
       255       230       265       255       276       252       253       266
       256       259       249       248       249       229       258       257
       276       226       239       260       250       232       251       248
       267       255       247       229       237       256       253       246
       230       267       246       258       252       244       247       256
       258       264       250       254       267       244       266       273
       255       258       258       237       237       237